Feature	Gain	Cover	Frequency
ctrx_quarter_lag1	0.120904247302035	0.0135314399870402	0.0110081112398609
ctrx_quarter	0.0904806948437822	0.0219915967454353	0.0107184241019699
mcaja_ahorro	0.0460197932782451	0.00905360154039952	0.0115874855156431
cpayroll_trx	0.0431819255653232	0.0206043054107033	0.00617999227500966
mpayroll	0.0291572269954589	0.0225822072032358	0.00869061413673233
mcuentas_saldo	0.0285505712858373	0.0152107444705683	0.0138084202394747
mprestamos_personales	0.0224611972079361	0.0188056507956768	0.00637311703360371
ctarjeta_visa_transacciones	0.0207857165523627	0.0128233229625996	0.0132290459636925
mpayroll_lag1	0.0185107392086079	0.0132162480860599	0.0113943607570491
mpasivos_margen_lag1	0.0174599757873348	0.00283179086985515	0.00444186944766319
mtarjeta_visa_consumo	0.0173944010878116	0.00920369781888117	0.0108149864812669
Visa_msaldopesos	0.017289155521704	0.00909885792235578	0.0121668597914253
mactivos_margen	0.0149560602970574	0.0145449541903228	0.0116840478949401
ccomisiones_mantenimiento_delta1	0.00998960247107383	0.00734489784094777	0.00289687137891078
Visa_msaldototal	0.00859713492081381	0.0094220411126401	0.011297798377752
mactivos_margen_delta1	0.00822257051756749	0.00443486457355654	0.00598686751641561
mrentabilidad_annual_lag1	0.00806806948444942	0.00852327941584187	0.00695249130938586
Visa_msaldopesos_lag1	0.00790473932326068	0.00105821124515268	0.00280030899961375
mpasivos_margen	0.00776466251810285	0.00432698467620362	0.00724217844727694
Visa_mpagominimo	0.00739917575976799	0.0088898177334395	0.00994592506759367
mcomisiones_otras_lag1	0.00707123991367722	0.0091591713381137	0.00965623792970259
mactivos_margen_lag1	0.00674783676757263	0.0126819528911138	0.00762842796446504
thomebanking	0.00617336829151258	0.00254802736026831	0.00280030899961375
ctrx_quarter_delta1	0.00614623153336448	0.0108103482892328	0.00811123986095017
mcuenta_debitos_automaticos	0.00576396177865661	0.0145526946544761	0.0056006179992275
cproductos_delta1	0.00568654888071551	0.00255611396312964	0.00154499806875241
mprestamos_personales_lag1	0.00556798616623158	0.00441962694564631	0.0022209347238316
Master_status	0.00525961608544482	0.00748638078375144	0.00173812282734647
cpayroll_trx_lag1	0.00485103146705923	0.00384054942827893	0.00183468520664349
mrentabilidad_annual	0.00478573100628335	0.00360218527098429	0.00540749324063345
mpasivos_margen_delta1	0.00476645968326143	0.00454889470360672	0.00502124372344535
cproductos	0.00475054510641212	0.0052242614881092	0.00531093086133642
mrentabilidad_annual_delta1	0.00472148424429489	0.0053445873294441	0.00724217844727694
mcomisiones_mantenimiento	0.00459391113461565	0.00733255724352911	0.00347624565469293
mcuentas_saldo_delta1	0.00458173321302435	0.0115897297555146	0.00753186558516802
Visa_fechaalta_lag1	0.00416851408782409	0.00449232861560153	0.00502124372344535
chomebanking_transacciones	0.00416208183366501	0.0063486905730693	0.00482811896485129
mprestamos_personales_delta1	0.00410257463512143	0.0154943173530406	0.00444186944766319
mcaja_ahorro_lag1	0.00394569740263359	0.002828229152714	0.0056006179992275
mcomisiones_lag1	0.00390209965920523	0.0059664857165536	0.00762842796446504
mrentabilidad_lag1	0.00375552637521902	0.00258809416985481	0.00415218230977211
Master_fechaalta	0.00371960227052777	0.00942101272952188	0.0078215527230591
canarito14	0.00346910510886513	0.00489901902333693	0.00627655465430668
cliente_edad	0.00341510109788192	0.00786132926865491	0.0082078022402472
chomebanking_transacciones_lag1	0.00323991860075734	0.00389048871580036	0.0052143684820394
mcuentas_saldo_lag1	0.00300871330039206	0.00137310717245505	0.00347624565469293
mrentabilidad	0.00295276122451287	0.00219890132463822	0.00366937041328698
mcomisiones_otras	0.00292574864329165	0.00218675135433416	0.00386249517188104
canarito80	0.00287704747273485	0.0032032854924323	0.0052143684820394
Master_Fvencimiento_lag1	0.00281365209434335	0.00193871537922523	0.00386249517188104
canarito17	0.00279523275722551	0.00289170798187483	0.00502124372344535
Visa_fechaalta	0.00279025377115797	0.00520766438788171	0.00743530320587099
canarito89	0.00278168072858851	0.00244804845516514	0.00463499420625724
Visa_Fvencimiento_lag1	0.00273393953140645	0.00219249023378414	0.00395905755117806
Master_Fvencimiento	0.00270940066204557	0.00260847120510464	0.00453843182696022
canarito82	0.00266756472675037	0.00295728370929624	0.00473155658555427
tcallcenter	0.00265073777670756	0.00250915698665105	0.00135187331015836
mtransferencias_recibidas_lag1	0.00264098221818509	0.00454193179742091	0.00550405561993048
cliente_edad_lag1	0.00257327671014764	0.00416986278524846	0.00540749324063345
mcomisiones_mantenimiento_delta1	0.00255771125158455	0.00186181489624585	0.00125531093086134
canarito20	0.00255198522685036	0.0026437673203232	0.00473155658555427
canarito3	0.00254668964532489	0.00386671049150588	0.00482811896485129
Visa_Fvencimiento	0.00251498113038863	0.00184370532035912	0.00366937041328698
mtransferencias_recibidas	0.00248488581443891	0.00480338440984537	0.00531093086133642
canarito38	0.00244370578981206	0.00226717593068208	0.00482811896485129
canarito9	0.00242879825089565	0.00291559406098415	0.00444186944766319
canarito26	0.0024230384787471	0.00219801842010746	0.00473155658555427
canarito52	0.00239531348486755	0.00443613625707102	0.00463499420625724
mcaja_ahorro_delta1	0.00239245372918688	0.00572629555216125	0.00473155658555427
canarito33	0.00237597552118219	0.00287178995665094	0.00492468134414832
mpagomiscuentas	0.00235126517890984	0.00435777095521105	0.00251062186172267
canarito41	0.00234750113946049	0.0031755417225039	0.00395905755117806
canarito8	0.00230871469168584	0.00199980384469908	0.00405561993047509
canarito36	0.00225379405851659	0.00298042734595923	0.00569718037852453
canarito45	0.00224331543979621	0.00201533242978422	0.00453843182696022
canarito51	0.00220997655721422	0.00187730836580988	0.00424874468906914
canarito29	0.0022028643414444	0.00322440497012846	0.00405561993047509
canarito46	0.00218771301728121	0.00206131369642625	0.00434530706836617
canarito55	0.00218506589479406	0.00256969363679317	0.00405561993047509
Visa_mconsumototal	0.0021835766814364	0.00381737569259785	0.00376593279258401
canarito87	0.00218083126924186	0.00302804399258438	0.00482811896485129
canarito49	0.00218019057605507	0.00323225579734805	0.00502124372344535
canarito70	0.0021787109854211	0.00245827961306569	0.00463499420625724
canarito53	0.00217515900270943	0.00214300744803714	0.00482811896485129
ccallcenter_transacciones_delta1	0.00215887975045595	0.00588814298895721	0.00231749710312862
canarito2	0.00214536937498265	0.00306629733633071	0.00386249517188104
tmobile_app	0.00214327681398582	0.00903603123858698	0.00154499806875241
Visa_mfinanciacion_limite	0.00213261694108948	0.0035549072383127	0.00395905755117806
canarito56	0.00209957390450818	0.00226278899879484	0.00405561993047509
Master_fechaalta_lag1	0.00205936996200162	0.00352150485298258	0.00540749324063345
mpayroll_delta1	0.00204785940083553	0.00725211761767215	0.00666280417149479
canarito35	0.00202434255746317	0.00265985524549459	0.00463499420625724
ctarjeta_visa_debitos_automaticos_delta1	0.00201812117205464	0.00818151259013584	0.00154499806875241
ccomisiones_mantenimiento	0.0020178433220876	0.0108667362913809	0.00289687137891078
canarito16	0.00200539033446636	0.00240779101846404	0.00395905755117806
canarito1	0.00200234465787155	0.00258231014187769	0.00376593279258401
ccomisiones_otras	0.00200133676074734	0.00618908802137287	0.0026071842410197
canarito75	0.00200091723244774	0.00371139955813939	0.00453843182696022
mtransferencias_emitidas_delta1	0.0019669744439434	0.00595682894824836	0.00424874468906914
canarito60	0.00195908557119036	0.00202283962654724	0.00366937041328698
Visa_msaldopesos_delta1	0.00195342134307215	0.00181183296844879	0.00328312089609888
mplazo_fijo_dolares	0.00195072553588903	0.00824032105498904	0.00173812282734647
canarito78	0.0019485314204632	0.00236637978606932	0.00395905755117806
canarito12	0.00193472080894485	0.00395950325603904	0.00386249517188104
canarito31	0.0019287418421249	0.00245459499160064	0.00347624565469293
canarito11	0.00191853302101923	0.00263571834123448	0.00444186944766319
canarito74	0.00191502169615175	0.00230483983532406	0.00386249517188104
ccajas_consultas	0.00189711428505575	0.00843180348335033	0.00164156044804944
Visa_mpagospesos	0.0018854411132132	0.00302659422321284	0.00415218230977211
canarito68	0.00187801264113432	0.00272132496519763	0.00318655851680185
canarito7	0.0018768642430825	0.00261321180045449	0.00366937041328698
canarito84	0.00187263058545186	0.0026400977483672	0.00463499420625724
canarito65	0.00186809759294837	0.00248575249183124	0.00463499420625724
canarito47	0.00186409246291795	0.00305190498917863	0.00434530706836617
ctransferencias_emitidas_delta1	0.00186154478134857	0.00593358498152505	0.00357280803398996
canarito54	0.00184156720418252	0.00189160539940466	0.00357280803398996
ccaja_ahorro	0.00183329582020286	0.00778848713661524	0.00308999613750483
canarito81	0.00183305442523495	0.00341538825643968	0.00386249517188104
canarito58	0.00182972093724807	0.00157876373008724	0.00376593279258401
canarito72	0.0018272921024789	0.00135781687126315	0.00347624565469293
canarito66	0.00181258692555383	0.00392852133341399	0.00357280803398996
canarito79	0.00179029846985886	0.00302346392533104	0.00347624565469293
canarito34	0.00177039667730279	0.00174378661329214	0.00376593279258401
canarito15	0.00177032053424285	0.00219128627306037	0.00424874468906914
canarito37	0.00176862969409407	0.00199807565941017	0.00405561993047509
Visa_cconsumos	0.00176561413363268	0.00153635421359239	0.0029934337582078
canarito63	0.00171791956146814	0.00291792171838344	0.00415218230977211
canarito27	0.00170651486567878	0.00242352528017282	0.00415218230977211
ccallcenter_transacciones	0.00169806093351584	0.00533172752396332	0.00193124758594052
canarito76	0.00169473000222489	0.00188460737769774	0.00386249517188104
canarito21	0.00169347098494757	0.00265841049262606	0.00434530706836617
canarito30	0.00168819112726307	0.0019754838380789	0.00347624565469293
canarito42	0.00167175557460004	0.00230472947225771	0.00376593279258401
Visa_mpagominimo_lag1	0.00165598478394988	0.00319691202535084	0.00289687137891078
canarito50	0.00164971257916975	0.00156774247296171	0.00366937041328698
ctarjeta_visa_transacciones_delta1	0.00164853626419021	0.00307979423769448	0.00173812282734647
canarito64	0.00164371852439742	0.00180085184334739	0.00395905755117806
canarito85	0.00164111273936905	0.00150162747146612	0.00357280803398996
canarito25	0.0016093903729634	0.00128001090948944	0.00328312089609888
canarito61	0.00158633209892785	0.00121267438950952	0.00289687137891078
canarito39	0.00158557285368566	0.00185947971409204	0.00347624565469293
canarito86	0.00158234711692597	0.00329150822271815	0.00395905755117806
canarito32	0.00157677419030784	0.00390274654091926	0.00357280803398996
canarito73	0.001576525111418	0.00221241829201406	0.0029934337582078
cmobile_app_trx	0.00157633536539056	0.00236298612177919	0.00212437234453457
mautoservicio	0.00156811938750795	0.005708978583751	0.00656624179219776
canarito69	0.0015653222069744	0.00185643218850999	0.00357280803398996
numero_de_cliente	0.00155800173521443	0.00159891251444985	0.00318655851680185
canarito83	0.00155530719411132	0.00159230577997815	0.00308999613750483
canarito88	0.00155341299243446	0.00248107711102059	0.00347624565469293
canarito62	0.00155035845130142	0.00229107705930045	0.00395905755117806
canarito77	0.00154159312143608	0.00133718148610802	0.0029934337582078
mtransferencias_recibidas_delta1	0.00152998119790465	0.00387079392496067	0.00357280803398996
canarito57	0.00152538166357351	0.0014338118754482	0.00280030899961375
canarito71	0.00152256536391563	0.0026201120003526	0.00328312089609888
canarito10	0.00151757711537223	0.00222611334524696	0.00357280803398996
canarito24	0.0015079323327135	0.00194265835059558	0.0029934337582078
mrentabilidad_delta1	0.00150184548277246	0.00143878824643978	0.00289687137891078
canarito6	0.00149892234807229	0.00181788788758876	0.00347624565469293
canarito28	0.00149669816694796	0.00213757457527113	0.00328312089609888
mcaja_ahorro_dolares	0.00148665099749455	0.00311400929651316	0.00280030899961375
canarito40	0.00145640754528126	0.00203971012618908	0.00318655851680185
canarito90	0.00144574250102406	0.00170108363137088	0.00328312089609888
canarito13	0.00142814830629354	0.00241553900737181	0.00337968327539591
mcomisiones	0.00141708284125952	0.00211712480072757	0.00415218230977211
mdescubierto_preacordado	0.0014106403595542	0.00822732329567533	0.00183468520664349
Visa_mlimitecompra_lag1	0.00140331710872643	0.00185159627960284	0.00318655851680185
Master_status_delta1	0.00138531596887247	0.000723575378483489	0.000386249517188104
canarito18	0.00138186246565074	0.00170252336773639	0.00337968327539591
canarito5	0.0013773793559762	0.00191972540705925	0.00337968327539591
Visa_status	0.00135587328598645	0.00317237129259797	0.00106218617226728
mcuenta_corriente	0.00134331273816464	0.00204931422121266	0.00318655851680185
canarito59	0.00132900845327789	0.00148980357385808	0.0029934337582078
Master_mfinanciacion_limite_lag1	0.00132444854543557	0.00151814179939385	0.0029934337582078
Visa_cconsumos_delta1	0.00132283849330671	0.00139267905897085	0.00144843568945539
mttarjeta_visa_debitos_automaticos_delta1	0.00132188143482326	0.00757048496506139	0.00231749710312862
cliente_antiguedad_lag1	0.00131864914403616	0.00312425550392275	0.00318655851680185
canarito22	0.00128828587997868	0.00130973870636056	0.0029934337582078
cliente_antiguedad	0.00126897254109785	0.00237121067847346	0.00395905755117806
canarito48	0.0012520390763823	0.00130862002618805	0.00289687137891078
mpagomiscuentas_delta1	0.00125145295680071	0.00762550597013773	0.00231749710312862
Visa_mconsumototal_delta1	0.00124833909617514	0.00137793555660767	0.00308999613750483
mcaja_ahorro_dolares_delta1	0.00123755634150488	0.0025894962824477	0.0026071842410197
Visa_mconsumototal_lag1	0.00123635488644872	0.00197169387005053	0.00280030899961375
mtarjeta_master_consumo	0.00123626034321593	0.00180651296700063	0.000869061413673233
Master_mlimitecompra	0.00122472404372925	0.00094927537391496	0.00231749710312862
Visa_mconsumospesos	0.00122274540591825	0.00392851380865947	0.00415218230977211
Visa_msaldototal_delta1	0.00121166779551694	0.000876721690798697	0.00144843568945539
mcomisiones_delta1	0.00119759513322275	0.00333108341500911	0.00231749710312862
Visa_mpagospesos_lag1	0.00119082720749363	0.00220729644243502	0.00434530706836617
ctarjeta_debito_transacciones_delta1	0.00117726157525613	0.00565040840279104	0.00251062186172267
mcomisiones_otras_delta1	0.0011611183723997	0.00263331041978694	0.00318655851680185
mcuenta_corriente_lag1	0.00115624775224621	0.00161194789753618	0.0026071842410197
mcuenta_debitos_automaticos_delta1	0.00114534477741503	0.00624771589211751	0.00154499806875241
cplazo_fijo	0.00111470533349831	0.00445054616198366	0.00106218617226728
chomebanking_transacciones_delta1	0.00111221340107939	0.00346647883140321	0.00357280803398996
canarito67	0.00109622002846427	0.00197104423290999	0.00347624565469293
canarito44	0.00109302798432303	0.0013822873729738	0.0022209347238316
canarito43	0.00108383501421931	0.0011703050050388	0.00193124758594052
Visa_mlimitecompra	0.00108018030486565	0.00176499387979107	0.00231749710312862
mcuenta_corriente_delta1	0.00106590432050336	0.00216960745527796	0.00308999613750483
canarito4	0.00105873977369427	0.00134118465551456	0.00241405948242565
canarito23	0.00103488521595158	0.0012565010681063	0.0022209347238316
Visa_mconsumospesos_lag1	0.00100885315035791	0.00156882603761311	0.0026071842410197
Master_msaldopesos	0.00100536286952505	0.00188304473700835	0.00106218617226728
tcallcenter_delta1	0.000997788570135799	0.002593582224154	0.000965623792970259
Visa_mpagospesos_delta1	0.000991689704945958	0.00214758249878747	0.00270374662031672
ccajas_consultas_delta1	0.000986786234611439	0.00353710116085843	0.000869061413673233
Visa_mpagominimo_delta1	0.000960208126225355	0.000966893332506145	0.00193124758594052
mtransferencias_emitidas	0.000958396551833248	0.00168173247098777	0.00376593279258401
canarito19	0.000952820937521804	0.00095312553997952	0.0022209347238316
ctarjeta_master_transacciones	0.000948415435036237	0.00150312991411932	0.000675936655079181
mautoservicio_delta1	0.000919921465451668	0.00162856506377573	0.00173812282734647
mcuenta_debitos_automaticos_lag1	0.000912427323886896	0.0024780471431991	0.00164156044804944
ctransferencias_emitidas_lag1	0.000881715011198144	0.00136595363915464	0.0022209347238316
Master_mfinanciacion_limite	0.000874712724713245	0.00094770771672255	0.00183468520664349
mtarjeta_visa_consumo_delta1	0.000853883479349329	0.000687832794496531	0.00125531093086134
Master_mpagominimo	0.000852757941297201	0.00195448224820362	0.00144843568945539
Visa_msaldototal_lag1	0.000812093130689498	0.00171188667061522	0.00328312089609888
ctransferencias_recibidas_lag1	0.000798060007501858	0.00203581481159738	0.0029934337582078
mcomisiones_mantenimiento_lag1	0.000786975739121486	0.00200649084321903	0.00115874855156431
Visa_cconsumos_lag1	0.000781737484618146	0.00141084381639075	0.0026071842410197
cproductos_lag1	0.000778875632031102	0.00102111169709998	0.00164156044804944
Master_mlimitecompra_lag1	0.000771054074300163	0.00125828443492838	0.00231749710312862
cextraccion_autoservicio	0.000768170183520005	0.00165075556486574	0.00154499806875241
mcaja_ahorro_dolares_lag1	0.000760973994908411	0.00139670731089247	0.00212437234453457
cprestamos_personales	0.000723562484749071	0.000328904511973743	0.000482811896485129
Visa_mconsumospesos_delta1	0.000721366113137874	0.000728895379931653	0.00231749710312862
mextraccion_autoservicio_lag1	0.00069694614943827	0.00383151470634763	0.00231749710312862
ctarjeta_debito_transacciones	0.000690594111597946	0.00457973616414732	0.0056006179992275
cextraccion_autoservicio_lag1	0.000688812885350428	0.00221633618086933	0.00144843568945539
ccaja_seguridad	0.000683283628117624	0.00402914736740619	0.00106218617226728
mpagomiscuentas_lag1	0.000666453096989973	0.00181415811759657	0.00164156044804944
thomebanking_lag1	0.00066257779703124	0.000398521032574306	0.00106218617226728
ccomisiones_otras_lag1	0.000660361519638363	0.00159055251217416	0.00183468520664349
tmobile_app_delta1	0.0006421084269158	0.00353086063110688	0.000869061413673233
ccuenta_debitos_automaticos	0.000584556815209756	0.00119497867512159	0.00106218617226728
mtarjeta_master_consumo_lag1	0.000583298146526601	0.00232783548514809	0.000965623792970259
ccajas_transacciones_delta1	0.000561742794790749	0.00143918705842953	0.000579374275782155
Master_mlimitecompra_delta1	0.000557846937504385	0.000425497277541305	0.00106218617226728
mplazo_fijo_dolares_lag1	0.000518309392913938	0.00126493631792722	0.000386249517188104
mextraccion_autoservicio	0.000499959848182896	0.00100682971301424	0.00125531093086134
tcallcenter_lag1	0.000474131796406775	0.00066293087352653	0.000482811896485129
Master_msaldototal	0.000447270477374197	0.000877451591987483	0.000965623792970259
ccallcenter_transacciones_lag1	0.000435316073201355	0.000852810529174299	0.000482811896485129
ctransferencias_emitidas	0.000426240008650241	0.000505435253096699	0.000675936655079181
ctarjeta_master	0.000419036029116154	0.000429495430444829	0.000482811896485129
ctransferencias_recibidas	0.000407471129668782	0.00072699161703719	0.00125531093086134
ctarjeta_debito_transacciones_lag1	0.000405182030110567	0.00174029512719321	0.00395905755117806
matm	0.000392539284768858	0.000644424993901563	0.00106218617226728
ccajas_transacciones	0.000391782721840575	0.00175269090614504	0.000675936655079181
cpayroll_trx_delta1	0.00037695680505308	0.00280662056597381	0.00251062186172267
ctarjeta_visa_transacciones_lag1	0.000372443577015374	0.00267461128911531	0.00386249517188104
Visa_mpagado_delta1	0.000371850505206191	0.000389732119290776	0.000869061413673233
Master_msaldototal_lag1	0.000371619209015736	0.000789371832037587	0.00106218617226728
mttarjeta_visa_debitos_automaticos	0.000360091939608269	0.000838046960799054	0.00115874855156431
Visa_mlimitecompra_delta1	0.000353097767722297	0.00182634069517023	0.000772499034376207
ctarjeta_debito	0.000352721418417128	0.00023033524421799	0.000482811896485129
Master_mpagospesos_lag1	0.000350192134633023	0.000916279325329105	0.000869061413673233
Visa_mfinanciacion_limite_delta1	0.000348970147027989	0.000610493367503277	0.000772499034376207
cmobile_app_trx_lag1	0.000324882864608059	0.000158837534986534	0.000579374275782155
Visa_mfinanciacion_limite_lag1	0.000321532749048453	0.000524375060232525	0.000772499034376207
Master_fultimo_cierre_lag1	0.000309833968336534	0.00031515678545918	0.000772499034376207
ctransferencias_recibidas_delta1	0.000306805511894365	0.00226080497185213	0.00173812282734647
mttarjeta_visa_debitos_automaticos_lag1	0.0003009922517999	0.000579684514232273	0.00125531093086134
mtransferencias_emitidas_lag1	0.000288417411205373	0.00159073310628273	0.00328312089609888
cpagomiscuentas_delta1	0.00028415607867026	0.00218680151936432	0.000772499034376207
Visa_mconsumosdolares_lag1	0.000282270286854003	0.000683957545916892	0.000675936655079181
Visa_mpagado	0.000280024166416473	0.000993340336404987	0.000869061413673233
ctarjeta_visa_debitos_automaticos_lag1	0.000278247779033065	0.00018670671749033	0.000482811896485129
ctarjeta_debito_lag1	0.000274934015118543	0.000204216821266678	0.000386249517188104
Master_msaldopesos_delta1	0.000242003319316661	0.0005056910947505	0.000482811896485129
ccomisiones_mantenimiento_lag1	0.000231416557744182	0.00161309166022376	0.000869061413673233
Master_mfinanciacion_limite_delta1	0.00022855178786243	0.000229881250695068	0.000579374275782155
mtarjeta_visa_consumo_lag1	0.000221480293175001	0.000950426661357066	0.00202780996523754
Master_mpagospesos	0.00021949732842584	0.000458159728676615	0.000675936655079181
Visa_mconsumosdolares	0.000217901599075617	0.000273128523193533	0.000675936655079181
ctarjeta_master_transacciones_lag1	0.000216997412972921	0.00079858965632896	0.000579374275782155
ccomisiones_otras_delta1	0.000206717749939395	0.000401179779172634	0.000482811896485129
ccaja_seguridad_lag1	0.000205687137163205	0.0011947905562585	0.000386249517188104
mautoservicio_lag1	0.000202534300352615	0.00128842860154981	0.0026071842410197
Visa_mconsumosdolares_delta1	0.000202461658463793	0.000489753664669578	0.000675936655079181
cplazo_fijo_lag1	0.000202176620046746	0.000749126936594026	0.000289687137891078
ccuenta_debitos_automaticos_delta1	0.000202116834070708	0.0012416873347009	0.000289687137891078
Master_mconsumospesos	0.000191979328035508	0.000307438895569505	0.000386249517188104
Master_mpagominimo_delta1	0.000184741522049113	0.000632661294329715	0.000482811896485129
Master_cconsumos	0.000180891466641904	0.000375919178237009	0.000386249517188104
Master_mconsumospesos_lag1	0.000180703109005968	0.000316415927716125	0.000675936655079181
matm_lag1	0.000169961954611796	0.000262985154095761	0.000386249517188104
catm_trx_other_delta1	0.000169279768348048	0.00254605336633162	0.000482811896485129
cprestamos_personales_delta1	0.000168603044471969	0.000495540200898204	0.000193124758594052
ccaja_ahorro_lag1	0.00016363210426642	0.000408120111094874	0.000386249517188104
matm_delta1	0.000158605737085691	0.00051500674085068	0.000482811896485129
Master_cconsumos_lag1	0.000153912456889947	0.000192375365898086	0.000386249517188104
Master_msaldototal_delta1	0.000152523674624766	0.000526321463402621	0.000482811896485129
cprestamos_personales_lag1	0.000151925523624922	0.000340191643759098	0.000289687137891078
Master_fultimo_cierre	0.00015186144471556	5.94530854907277e-05	0.000193124758594052
Master_mconsumospesos_delta1	0.000151551192691882	0.000390221228334808	0.000579374275782155
ccajas_extracciones_delta1	0.000148170790351279	0.00134471376538611	0.000289687137891078
tcuentas_lag1	0.00014485686199315	0.00110599594462886	0.000289687137891078
mdescubierto_preacordado_lag1	0.00013725340067496	9.53311150591101e-05	9.65623792970259e-05
catm_trx_lag1	0.000132816669236702	3.74356537547615e-05	0.000193124758594052
active_quarter_lag1	0.000129372619511566	0.000153532583047417	0.000193124758594052
Master_mpagado	0.000113709487408664	0.000116122011807734	0.000193124758594052
catm_trx_delta1	0.000108149043088144	0.000120059966675069	0.000193124758594052
mplazo_fijo_dolares_delta1	0.000106077076865769	0.000108644914062814	0.000193124758594052
cseguro_accidentes_personales_lag1	0.000103939685435779	0.000499475647514031	0.000386249517188104
Visa_mpagado_lag1	0.00010145275459442	7.81546087333074e-05	0.000193124758594052
Master_mconsumototal_lag1	9.06847985781625e-05	0.000151357928990106	0.000289687137891078
Master_mconsumototal_delta1	8.80768346719915e-05	0.000462611875103061	0.000289687137891078
Visa_fultimo_cierre	8.73466746667969e-05	6.10082014255989e-05	0.000193124758594052
ctarjeta_visa	8.64099752775672e-05	8.91633246012905e-05	9.65623792970259e-05
mextraccion_autoservicio_delta1	8.43579238240472e-05	0.000340700818815193	0.000482811896485129
Master_mpagominimo_lag1	8.20989953017666e-05	0.000611376272034043	0.000482811896485129
cpagomiscuentas	7.70694930436675e-05	0.000195317544916802	0.000289687137891078
Visa_mpagosdolares_lag1	7.67021505588241e-05	8.91131595711333e-05	0.000193124758594052
cseguro_vida_lag1	7.60607132423588e-05	0.00115972018367565	0.000193124758594052
cpagomiscuentas_lag1	7.10537474526933e-05	0.000448693587485964	0.000289687137891078
tpaquete3_lag1	6.98408715035069e-05	0.000396695025476586	0.000193124758594052
Visa_msaldodolares	6.39340016990132e-05	6.97243754154009e-05	9.65623792970259e-05
matm_other	5.66536515148068e-05	0.000134316868245727	0.000193124758594052
ctarjeta_visa_descuentos_delta1	5.386942014789e-05	0.000412201036298157	9.65623792970259e-05
Master_mpagospesos_delta1	5.3130132014315e-05	0.00022439068814437	0.000289687137891078
Master_mpagosdolares	5.27480112635678e-05	5.01775714146736e-05	9.65623792970259e-05
Master_mconsumototal	5.02485106522195e-05	0.000130228418287921	0.000289687137891078
internet_lag1	4.42946589067898e-05	0.000120942871205835	9.65623792970259e-05
matm_other_lag1	4.42124301765691e-05	0.000212907912741401	0.000193124758594052
Visa_msaldodolares_lag1	4.29889981095883e-05	5.69924907615203e-05	9.65623792970259e-05
mttarjeta_master_debitos_automaticos_delta1	4.18200828969012e-05	6.38851659051105e-05	9.65623792970259e-05
Master_Fvencimiento_delta1	3.92241439295546e-05	0.000107165045673178	9.65623792970259e-05
mcheques_emitidos_lag1	3.65551348025437e-05	0.00058702616639577	9.65623792970259e-05
Visa_mpagosdolares	3.567951906391e-05	4.24897805430927e-05	9.65623792970259e-05
tpaquete1	3.30607903574313e-05	0.000598488875786675	9.65623792970259e-05
Visa_fultimo_cierre_lag1	3.09831061448225e-05	3.1736906328911e-05	9.65623792970259e-05
ccuenta_debitos_automaticos_lag1	2.82358862476424e-05	0.000135721489090127	0.000386249517188104
cextraccion_autoservicio_delta1	2.78739833631238e-05	5.43964504508886e-05	9.65623792970259e-05
thomebanking_delta1	2.51637448051629e-05	0.000353056465742895	0.000193124758594052
mforex_sell_lag1	2.01223199245e-05	0.000425898597782562	0.000289687137891078
ccajas_depositos_lag1	1.89351988382498e-05	0.000199373387605007	9.65623792970259e-05
cplazo_fijo_delta1	1.88430067468809e-05	4.26026518609463e-05	9.65623792970259e-05
Visa_status_delta1	1.79035334332737e-05	5.03481325172078e-05	0.000193124758594052
tmobile_app_lag1	1.34823891150776e-05	0.000121702871412716	9.65623792970259e-05
Visa_msaldodolares_delta1	1.34337296705984e-05	0.000171767571509536	0.000193124758594052
ccajas_transacciones_lag1	1.1488706093479e-05	7.93761272176336e-05	9.65623792970259e-05
cforex	8.52766031207735e-06	4.32472724984655e-05	9.65623792970259e-05
mcheques_depositados_lag1	8.15714383955301e-06	0.000208455766314956	9.65623792970259e-05
ccajas_extracciones_lag1	7.18212193997098e-06	0.000174315955041518	9.65623792970259e-05
ccajas_extracciones	7.06763969630039e-06	0.00019553074629497	9.65623792970259e-05
ctarjeta_visa_debitos_automaticos	6.27984460228016e-06	0.000142448619634199	0.000289687137891078
cforex_sell_lag1	5.713333530635e-06	7.45678090770723e-05	9.65623792970259e-05
Master_msaldodolares_lag1	5.38477118042226e-06	0.000108973495010343	9.65623792970259e-05
mforex_sell	2.94984775262169e-06	0.000152097863184923	9.65623792970259e-05
mtarjeta_visa_descuentos_delta1	2.80314472782263e-06	0.000218634250933838	0.000193124758594052
ctarjeta_master_debitos_automaticos_lag1	2.33447430114379e-06	9.2847946066332e-05	9.65623792970259e-05
Master_mpagosdolares_delta1	2.21124213821938e-06	2.0918817575525e-05	9.65623792970259e-05
Master_msaldopesos_lag1	2.00810847961151e-06	3.95651592849318e-05	9.65623792970259e-05
Master_mconsumosdolares	1.86189610449024e-06	2.67956508584333e-05	9.65623792970259e-05
catm_trx_other_lag1	6.74241414372558e-07	0.00015166895217708	9.65623792970259e-05
Master_cconsumos_delta1	5.27793098422623e-07	2.96199420562799e-05	9.65623792970259e-05
mtarjeta_visa_descuentos	3.3054073401253e-07	0.000217111742268569	0.000193124758594052
Visa_madelantopesos_delta1	4.67806331555685e-11	3.26248273626923e-05	9.65623792970259e-05
Visa_madelantopesos	4.47205919343165e-11	0.000122946964160613	9.65623792970259e-05
mcajeros_propios_descuentos_delta1	1.7913034317503e-12	8.93338857038247e-05	9.65623792970259e-05
