Feature	Gain	Cover	Frequency
ctarjeta_visa_transacciones/cpayroll_trx	0.0491950043931176	0.0106053982396409	0.00444293240894839
mtarjeta_visa_consumo/cpayroll_trx	0.0446980975811082	0.00828364050017611	0.0042792647829565
mtarjeta_visa_consumo	0.0335519747507456	0.00943501446330482	0.00839302297783131
mcaja_ahorro	0.0320293383174895	0.00934596375074624	0.00997453037505632
mcaja_ahorro_lag1	0.0237379501492632	0.00748536714811264	0.00962880550217457
mcaja_ahorro_lag2	0.0229092629286636	0.00528320879761709	0.00831578657005986
mtarjeta_visa_consumo/mdescubierto_preacordado	0.0208179233641675	0.0107043917606574	0.00971155879621542
ctarjeta_visa_transacciones	0.0151659026151755	0.00931238958658817	0.00925365723585608
ctarjeta_visa_tend1	0.0141803751222762	0.00182306714869023	0.000432156091102182
ccomisiones_mantenimiento_tend1	0.0105952902400381	0.00464021355721788	0.00427558685877691
cproductos_tend1	0.00914544552687514	0.00646982416725174	0.00214790772088233
mcaja_ahorro_tend1	0.00911585765147947	0.00466431947741244	0.00689426887464715
mv_msaldototal	0.00883359228534918	0.00389844029130472	0.00638855429995311
mrentabilidad_annual	0.00852981066537364	0.00518559202901975	0.0047040650256995
mrentabilidad_annual_tend1	0.00763987992841312	0.00542872480781435	0.00687587925374918
mcomisiones_mantenimiento_tend1	0.00669417574227067	0.0051989862209431	0.00547459014132424
mvr_mpagospesos	0.00604125473534302	0.00256065478270324	0.0032200226192337
mcaja_ahorro_delta1	0.00587839824525378	0.00520762343530108	0.00393721783425435
mrentabilidad_annual_lag2	0.00549511391751205	0.0045048876526003	0.0051766782827772
mcaja_ahorro_delta2	0.00503778367535686	0.00343312842821801	0.00450177919582188
cproductos	0.00481494386789777	0.011979809315832	0.00271430804453966
mrentabilidad_annual_delta1	0.00475685018293969	0.00357269592504357	0.00497071452871999
Master_status_delta2	0.00471225662577467	0.000155105955384931	0.000194929981518431
mtransferencias_recibidas	0.00444246220242595	0.00620687408938441	0.00420018941309525
ctarjeta_visa_delta2	0.00431354756536203	0.000310812656827059	0.000130566308375553
mcomisiones_mantenimiento	0.00420710768589553	0.00699571284394889	0.00267936776483353
internet	0.00419882926179257	0.00069749024324324	0.00132589166674329
ctarjeta_master_tend1	0.00412823380927415	0.00203882769402135	0.000592145792914479
cliente_edad_lag2	0.0040691619508096	0.00556584876309749	0.00529253289443438
mrentabilidad_annual_delta2	0.00402886330143716	0.00353844660606733	0.00413030885368298
mextraccion_autoservicio	0.00401668951654204	0.00187966231758232	0.00250282740421306
mextraccion_autoservicio_tend1	0.00401047166461691	0.00338242475819247	0.00461395588329947
mtransferencias_recibidas_tend1	0.00393650301002124	0.00276555071186821	0.00542126024072014
mv_cconsumos	0.00393127653613825	0.00248029976317076	0.00433627260774019
Visa_msaldototal	0.00386285286307153	0.00317763451230902	0.00635361402024697
ctransferencias_recibidas_tend1	0.00363705078891097	0.00231163539534634	0.00497071452871999
chomebanking_transacciones_tend1	0.0036155439233485	0.00284518732520907	0.00498726518752816
cliente_edad_lag1	0.00349314079455263	0.00460852640626603	0.00432891675938101
mextraccion_autoservicio_lag2	0.00348313262067431	0.00166400763123227	0.00278051067977234
Visa_fechaalta_lag2	0.00340246640568765	0.00311090472961294	0.00504795093649145
cliente_edad	0.0033853827292877	0.00422163033745488	0.00423512969280138
Master_Fvencimiento_lag2	0.00320618725446118	0.00259974620567858	0.00485302095497301
Visa_msaldototal_lag1	0.00318688550312337	0.00228705192376495	0.0044355765605892
Visa_fechaalta	0.00317162499494835	0.00311323872248365	0.00478681831974034
Visa_fechaalta_tend1	0.00316846542225826	0.00403151609958845	0.00563274088104674
Visa_fechaalta_lag1	0.00313857315160006	0.00283112693914479	0.0045937273003117
tmobile_app_delta1	0.00311780937480285	0.00231054725872731	0.00284671331500501
Visa_mlimitecompra	0.00310611771294999	0.00248520951149802	0.00349586693270318
cmobile_app_trx_tend1	0.00307072281017473	0.00235919905079879	0.00424248554116057
Visa_mlimitecompra_lag2	0.00303661700599151	0.0026634575578927	0.00344253703209908
ctarjeta_visa_transacciones_tend1	0.00301789560418494	0.00312368851200364	0.00442638175014022
Visa_Fvencimiento_tend1	0.00295562496905429	0.00226458065365104	0.00386733727484208
Master_Fvencimiento_tend1	0.00295536327426601	0.00277252982025512	0.00427558685877691
Visa_mlimitecompra_lag1	0.00290049639456418	0.00263715852658619	0.00320531092251533
Master_Fvencimiento	0.00288505767031393	0.00220585252146087	0.00421674007190342
mcomisiones_mantenimiento_lag1	0.00287442128784393	0.00439342575917517	0.00203756999549454
canarito87	0.00280514736999551	0.00275382323519407	0.00418915564055647
canarito46	0.00279490704561323	0.00274632516889218	0.00424432450325037
canarito34	0.00278459660468887	0.00244493179441968	0.00404755555964214
canarito22	0.0027782173205395	0.00243051037505591	0.00419099460264627
mv_Fvencimiento	0.00277084522534273	0.00338434937110317	0.00373125408019714
canarito70	0.00276584263610891	0.00282082599643001	0.00400709839366662
canarito100	0.00276298349995036	0.0020054389514589	0.00403468282501356
canarito21	0.0027569455252157	0.00225211919209152	0.00407697895307888
canarito31	0.00275625390117234	0.00174378079240958	0.0040162932041156
canarito60	0.00275334948719145	0.00217430449527226	0.00412663092950339
canarito37	0.00275017665476018	0.00248892087173633	0.004121114043234
Visa_Fvencimiento_lag2	0.00273439567799468	0.00202434990438411	0.00362459427898894
cproductos_lag1	0.00273122241359312	0.00248929036789766	0.00203389207131495
Visa_Fvencimiento	0.00272322325501594	0.00197024170410745	0.00374596577691551
canarito88	0.00272286865200459	0.00203758646452458	0.00399790358321763
canarito49	0.00272162110568862	0.00239263218678179	0.00393537887216455
canarito95	0.00271982286554898	0.00286412185115773	0.00409169064979725
canarito65	0.00271325752302624	0.00165103087216515	0.0038011346396094
canarito86	0.00270545551533019	0.00219091917216427	0.00407697895307888
canarito16	0.00270324331952404	0.00365067832708679	0.00408433480143807
canarito2	0.00269697318342617	0.00174700974024008	0.00397951396231967
canarito12	0.00269693712537738	0.00214177881820061	0.0039077944408176
canarito67	0.00269162353386203	0.00224884552872461	0.00409904649815644
canarito71	0.00267988006959454	0.00291945458947357	0.00401813216620539
canarito91	0.00266717568987397	0.0022400599068103	0.00403468282501356
canarito23	0.00265780699006508	0.00226576964181387	0.00404571659755234
canarito72	0.00265746028220943	0.00225556644661743	0.00415973224711973
canarito1	0.00264786664061503	0.00248023829761024	0.00388204897156045
canarito20	0.00264267201329804	0.00255469578592483	0.00399238669694824
canarito77	0.00263650757832764	0.00296494759640297	0.00368160210377263
Visa_Fvencimiento_lag1	0.00263051875058142	0.00224267797657602	0.00355655268166647
canarito56	0.00262755497795561	0.00206363169782584	0.00404571659755234
canarito51	0.00262701686701994	0.00206307572587156	0.00407513999098909
canarito33	0.00260536728974708	0.00272442963693234	0.00389492170618903
canarito11	0.00260515836212348	0.00208055768504366	0.00391882821335638
canarito44	0.00260017554687031	0.00184146157421096	0.00377722813244205
canarito40	0.00259162868177315	0.00221229410634664	0.00372205926974815
canarito54	0.00258306075706581	0.00187432752275152	0.00381768529841757
canarito74	0.00258168577336013	0.00229269152803807	0.00382688010886656
canarito94	0.00257083947848345	0.00218723539675588	0.0038544645402135
canarito73	0.00256842076852627	0.0025018583033867	0.00374228785273592
canarito6	0.00256473927634313	0.00213219786297343	0.00392434509962577
canarito59	0.00255382470467045	0.00206845037521778	0.00388756585782984
mvr_msaldopesos	0.00255045528373248	0.00215335062507021	0.00304532122070304
canarito68	0.00254808913833587	0.00231928687664182	0.00381952426050737
Visa_mpagominimo	0.00254721423692871	0.00439808188519673	0.00582767086256517
canarito42	0.00254025086727264	0.00214258498631928	0.00382320218468696
canarito62	0.00253984897674603	0.0021310966074544	0.00387469312320127
canarito3	0.00252956878341089	0.00266469055879371	0.00373860992855632
Visa_fechaalta_delta2	0.00252863240646431	0.0030847850875507	0.00165322691872707
mttarjeta_visa_debitos_automaticos_tend1	0.00252416028738308	0.00186833704646975	0.00336162270014804
canarito9	0.00252415816061489	0.00204783244256232	0.00370183068676039
canarito98	0.00251895690347881	0.00262390076536625	0.00377722813244205
canarito30	0.00251138483984896	0.00178703942811518	0.00376803332199307
canarito45	0.00250684709280563	0.00169429015210245	0.00376435539781347
canarito47	0.00250359262255942	0.00287714297436215	0.00379561775334002
canarito69	0.00250241247665653	0.00194013558558914	0.00374412681482571
canarito29	0.00249261734029866	0.00199612649443297	0.00369079691422161
canarito15	0.00249193026413992	0.00244551356492508	0.00379561775334002
mextraccion_autoservicio_lag1	0.00248821565942468	0.00246588004223601	0.0025377676839192
canarito82	0.00248663388424435	0.00271994818555037	0.00371470342138897
canarito96	0.00248614171347399	0.00187776391318837	0.00367424625541344
canarito79	0.00248557547917727	0.00224811016752606	0.00374780473900531
Visa_mpagominimo_delta2	0.00248533713917148	0.00174382858268817	0.00240168448927425
Visa_mpagominimo_tend1	0.00247558707961414	0.0022333573788041	0.0042240959202626
canarito25	0.00245629085045471	0.00194882925807037	0.00378642294289103
canarito8	0.00245512829303993	0.00232839865549422	0.00368711899004202
canarito43	0.00244966682415544	0.00195533365554658	0.00367792417959304
canarito13	0.00244919264252647	0.0023165068411709	0.00368344106586243
canarito84	0.00244424078831474	0.00211680748985453	0.00361356050645016
canarito66	0.00244289968090087	0.0019056583257253	0.00366505144496446
canarito52	0.00241924545506906	0.00200812006808112	0.0036466618240665
canarito58	0.00240803516793648	0.00237626615404146	0.00351609551569094
Visa_mpagominimo_lag1	0.00240120776034191	0.00341772686889419	0.0046488961630056
canarito38	0.00239890276716486	0.00195312001687011	0.00365585663451548
canarito27	0.00239859835435997	0.0031219755292053	0.0034848331601644
canarito81	0.0023927587607847	0.0021220069374625	0.00356023060584606
canarito39	0.00238891416256674	0.00206735799252621	0.00355471371957667
canarito63	0.00238844001582636	0.0018567236866557	0.00351057862942155
canarito93	0.00238707304732783	0.00190309724118149	0.00352529032613993
canarito24	0.0023859858096782	0.0019619538683119	0.00345540976672766
canarito53	0.00238568667783347	0.00218880509656821	0.00360804362018077
canarito41	0.0023853148028682	0.00230451218404217	0.00364850078615629
mtarjeta_visa_consumo_tend1	0.00238118641113236	0.00352437239830483	0.00402732697665438
thomebanking_tend1	0.00237879661704511	0.00159964739128326	0.00198424009489044
canarito28	0.00237378539710311	0.0028692730106717	0.00357310334047464
mvr_mpagominimo	0.00236493704796544	0.0031288488078944	0.00343702014582969
canarito83	0.00235847365263007	0.00204560873044478	0.00346092665299705
canarito99	0.00235501932319273	0.00268350669252647	0.00352529032613993
canarito17	0.00234486200130682	0.00241543204434429	0.00365401767242568
canarito55	0.00233714866090718	0.0026350744956138	0.00365033974824609
canarito10	0.00233540926886036	0.0019331704746	0.00357126437838484
canarito92	0.00232739307864054	0.00214561369522514	0.00344253703209908
canarito97	0.00232547383897207	0.00225189795707021	0.00357494230256443
canarito35	0.00232516499330109	0.00192396809334443	0.00362827220316853
canarito18	0.00231936586953166	0.0020687382882197	0.003380012321046
canarito7	0.00231543816541994	0.00236843993953987	0.00347379938762562
canarito5	0.00231460582623288	0.00186508522841401	0.00344621495627868
mv_status07	0.00231399285786358	0.000630751734135992	0.000347563834971542
canarito64	0.00230846546440636	0.00282706766450699	0.00355655268166647
canarito75	0.0023026439215108	0.00198603838244418	0.00350506174315217
ctransferencias_emitidas_tend1	0.00229687358241193	0.00203390356761395	0.00403284386292377
canarito76	0.00229346334630654	0.00211069683507806	0.00338736816940519
canarito48	0.0022739226271771	0.00181902512189194	0.0033818512831358
canarito89	0.00225626563062969	0.00208610320220581	0.00344989288045827
canarito14	0.00224812538175	0.00141605166542385	0.0034333422216501
tmobile_app	0.00224591423142227	0.00159758131094861	0.00256719107735594
canarito90	0.00224355261473434	0.00192063240803509	0.00353632409867871
Visa_cconsumos	0.00223829542534403	0.00201827386241971	0.00400893735575641
canarito19	0.00223628901461344	0.00177089170207026	0.00345540976672766
canarito85	0.0022152928844778	0.00198308689349215	0.00331748760999292
Visa_msaldototal_lag2	0.00220926966712409	0.00242627206257293	0.00378826190498083
Visa_Finiciomora	0.00220309523018772	0.00513626353011738	0.000465257408718519
canarito36	0.00219982888128719	0.00177152000367412	0.00334323307925007
canarito80	0.00219194470394311	0.00162402432803934	0.00327151355774801
canarito32	0.00218370755583206	0.00163020906946093	0.00318140441534798
canarito61	0.00217887923091033	0.00298134475724756	0.00325128497476025
Visa_msaldototal_tend1	0.00217332107596217	0.00335151428711754	0.00360988258227057
tmobile_app_delta2	0.00217128865845455	0.00182178278495303	0.00238881175464568
canarito78	0.00214147787393942	0.00195520463350768	0.00321266677087452
canarito4	0.00210858297086509	0.00184428330904262	0.0031152017801153
canarito57	0.00209021257073402	0.0015062402668584	0.00321634469505411
mtransferencias_recibidas_lag2	0.00206744566335336	0.00193550596091693	0.00340024090403376
Visa_mpagominimo_lag2	0.00205499634329616	0.00216584558667797	0.00325312393685004
mvr_Master_mlimitecompra	0.00204335404722939	0.00308051403638423	0.00280809511111928
chomebanking_transacciones_delta1	0.00203502208721792	0.00272886695844309	0.00274189247588661
chomebanking_transacciones	0.0020275777841738	0.00176485952642775	0.00293866141949484
canarito50	0.00201441308340887	0.00193757617019109	0.00307106668996019
mtransferencias_emitidas	0.00201048963485205	0.00488884388719648	0.00294233934367443
Visa_cconsumos_tend1	0.00200816576727527	0.00265914647651125	0.00329909798909496
ctarjeta_visa_debitos_automaticos_tend1	0.00199907269658608	0.00159224724819928	0.00283384058037644
canarito26	0.00197870965451331	0.00175571568240681	0.00311152385593571
chomebanking_transacciones_delta2	0.00195780061910493	0.00318355057982982	0.00268304568901312
mv_Finiciomora	0.00194603406643028	0.00340488970312244	0.000525943157681804
mcuenta_debitos_automaticos	0.00193746662870362	0.00320530274095388	0.00296808481293158
ctransferencias_recibidas_lag1	0.00192588438095607	0.0026587819877872	0.00189413095249041
Visa_Fvencimiento_delta2	0.00191976645289468	0.00149588430090006	0.00144358524049027
mtransferencias_emitidas_tend1	0.00191412157930658	0.00177034023973786	0.00320714988460513
Visa_mconsumototal	0.00186285814459817	0.00245962613375679	0.00432891675938101
mvr_msaldopesos2	0.00184727311669192	0.0014721540263512	0.00244765854151917
internet_tend1	0.00184302853732319	0.00116652629263568	0.00234835458867016
Visa_mconsumototal_tend1	0.00183513306415681	0.00214063419417508	0.0030618718795112
mcuenta_debitos_automaticos_tend1	0.00181394168370114	0.00314444571583863	0.00371654238347877
mtransferencias_recibidas_delta2	0.00178735852679945	0.00226082305514686	0.0025874196603437
mtarjeta_visa_consumo_lag2	0.00176601968167913	0.0041730579322984	0.00329174214073577
Visa_mconsumototal_lag1	0.00176215557202565	0.00264777159955803	0.00319795507415615
Visa_mconsumototal_lag2	0.00172230190644293	0.00192104310574175	0.00281728992156827
mvr_Visa_mlimitecompra	0.00170248250464396	0.00251544257294384	0.00233915977822117
mvr_mconsumospesos	0.00163801186263285	0.00168555103200334	0.00240168448927425
mttarjeta_visa_debitos_automaticos_delta2	0.00161911731544552	0.00201744722530304	0.00152817749662091
Visa_mpagominimo_delta1	0.00158881515124949	0.00266512040775172	0.00229134676388646
ccuenta_debitos_automaticos_tend1	0.00158353376696725	0.00378816955300357	0.00347931627389501
Visa_msaldototal_delta2	0.00157413664314798	0.00253833396997378	0.0024844377833151
mcomisiones_mantenimiento_delta2	0.0015322693867878	0.00384454691301566	0.0012155539413555
tpaquete3_tend1	0.00149807779908278	0.00342503075790603	0.000301589782726629
mv_status01	0.00149443284147188	0.000943054176761727	0.000386182038857269
cliente_edad_tend1	0.00146360685361263	0.00174885288712441	0.00211848432744559
mvr_mconsumototal	0.00142566970669565	0.00105096702705286	0.00165138795663727
ccallcenter_transacciones_tend1	0.00142518734596681	0.00152822458565935	0.00178931011337201
ccomisiones_mantenimiento	0.00141689128653245	0.00311300548132618	0.00143439043004128
mvr_msaldototal	0.00140171729877832	0.00237631113312719	0.00319427714997655
mttarjeta_visa_debitos_automaticos_lag2	0.00138933455818251	0.00170644214818147	0.00204492584385373
mtransferencias_recibidas_delta1	0.00138131770359596	0.00197156562952748	0.00207802716147007
Visa_mconsumototal_delta2	0.00137130458479115	0.0019597247095082	0.0024844377833151
Visa_mlimitecompra_tend1	0.00135118415278996	0.00492963467625474	0.00083488878876762
Visa_msaldototal_delta1	0.00134942727167548	0.0014921531451787	0.00215158564506193
ctransferencias_recibidas	0.00134930170126246	0.0015937108254812	0.0020081466020578
Visa_cconsumos_lag2	0.00133859492128178	0.00155439362857942	0.00256167419108655
Visa_cconsumos_lag1	0.00132372764841901	0.00165916974402246	0.00277867171768254
mv_status06	0.00132261997201846	0.000350359170929617	0.000329174214073577
tpaquete4	0.00131664781402308	0.00228576293327283	0.00029055601018785
ccomisiones_mantenimiento_delta1	0.00131556581386171	0.00221916334394601	0.000402732697665438
Visa_Finiciomora_lag1	0.00124508188762599	0.00286291069556789	0.000356758645420525
cmobile_app_trx	0.00123767090622218	0.00200150547770151	0.00174885294739649
cmobile_app_trx_lag2	0.0012319820734439	0.00143840304987564	0.00173965813694751
Visa_mconsumototal_delta1	0.00122990722964948	0.00128926247501957	0.00199895179160882
mtarjeta_master_consumo	0.00122607516711164	0.0015550452396574	0.000803626433241079
mtarjeta_visa_consumo_delta2	0.00122453355490251	0.00165595710696719	0.001798504923821
mv_status04	0.00119623495987015	0.000912941762342748	0.000776042001894131
matm	0.00119486563554035	0.0011225762499032	0.00131485789420451
active_quarter_lag1	0.00118363059296511	0.0001265023901662	9.37870665796225e-05
catm_trx_tend1	0.0011762167739996	0.00149719141772946	0.00275476521051519
cmobile_app_trx_lag1	0.00116237443382779	0.00131810832992279	0.00180034388591079
mttarjeta_visa_debitos_automaticos_lag1	0.00116189819476203	0.0014654664035238	0.00183896208979652
thomebanking	0.00115728287239666	0.0012382201148211	0.000573756172016514
Master_msaldopesos_lag2	0.00115295889446894	0.00145119257178509	0.00123210460016367
Master_Fvencimiento_delta2	0.00114449259385498	0.00116563962483818	0.00155576192796786
active_quarter_tend1	0.00112704176699479	0.00106080403509622	0.000518587309322618
Visa_mconsumosdolares_lag2	0.00112024794832591	0.00192202910235359	0.00177827634083323
ccomisiones_mantenimiento_delta2	0.0011169890217584	0.00136450698020149	0.000461579484538926
matm_tend1	0.00110804380264246	0.00160866358957848	0.00301589782726629
cmobile_app_trx_delta2	0.00110762804615151	0.00206538277814405	0.00172310747813934
mtransferencias_emitidas_lag1	0.00110741244850354	0.00356920193443638	0.002322609119413
Visa_mconsumosdolares_tend1	0.00110647795063139	0.00208919776916103	0.00204676480594353
ccajas_consultas_tend1	0.00108799283036921	0.00252458591914938	0.0014803644822862
Visa_cconsumos_delta2	0.00107963164320771	0.00116780717166507	0.00153737230706989
Master_msaldopesos_lag1	0.00106463680206862	0.00116794714564281	0.00118980847209835
mtarjeta_visa_consumo_delta1	0.00105996003347544	0.00328421274879061	0.00170839578142097
cproductos_lag2	0.00103378151800838	0.000924602326770208	0.00128727346285756
ccajas_transacciones_tend1	0.00103074976632769	0.00115171464456325	0.00182241143098835
mttarjeta_visa_debitos_automaticos	0.00101439310469498	0.00107984925176369	0.00182976727934754
tcallcenter_tend1	0.00100915591793145	0.00124490662488467	0.00160173598021277
ctarjeta_master_transacciones_tend1	0.000986844915284905	0.00174109217927307	0.0014785255201964
ctarjeta_master_delta2	0.000983567219658668	0.000262075914021392	0.000102981877028605
tpaquete4_tend1	0.000983130869253167	0.0020282768186915	0.000340207986612356
mtransferencias_emitidas_lag2	0.000981405406570833	0.00231359910140773	0.00210745055490681
ccallcenter_transacciones_delta1	0.000953387629495959	0.00187396798289823	0.000638119845159392
internet_lag1	0.000945077800268475	0.000357612399903487	0.000700644556212474
Master_msaldototal_lag1	0.000940389703906971	0.00197264820232731	0.00137002675689841
Visa_mconsumosdolares_lag1	0.000935380649872061	0.00196393687204094	0.00164587107036788
internet_delta1	0.000926576862991738	0.000673895989432169	0.00117509677537998
mtransferencias_emitidas_delta2	0.000923899784803555	0.0027749375190886	0.0015870242834944
tpaquete3	0.0009236472097934	0.00162731623487656	0.000224353374955175
mtransferencias_emitidas_delta1	0.000917069832882803	0.00248546644281198	0.00151162683781274
tmobile_app_tend1	0.000900030133625841	0.00129620735127678	0.00158150739722501
mv_status02	0.000894849226065152	0.000957803627192169	0.000474452219167502
mcuenta_debitos_automaticos_lag2	0.00089044190331827	0.00234962248806046	0.00218284800058847
Master_msaldototal_lag2	0.000881794602945034	0.0019328379046282	0.0012137149792657
mcuenta_debitos_automaticos_lag1	0.000881467149317313	0.00141710357865156	0.00228766883970687
ctarjeta_visa_transacciones_delta2	0.000840291059198502	0.00129172639771021	0.00126152799360041
Visa_status	0.000833485300386072	0.000663996227364894	0.000246420920032734
cplazo_fijo	0.000832594785499776	0.00293976027473894	0.000257454692571513
Master_msaldototal_tend1	0.000823365310936368	0.00117977772867169	0.00122290978971469
Master_msaldototal	0.000823107762767636	0.00125696131269423	0.00137002675689841
ccuenta_debitos_automaticos	0.000819971406846127	0.00217963835303877	0.00212951809998437
Master_msaldopesos	0.000812102969615725	0.0011082120500274	0.0012670448798698
mcuenta_debitos_automaticos_delta2	0.00079761768180354	0.00109283895403127	0.00066570427650634
tmobile_app_lag1	0.000792295051296333	0.000615501364278088	0.00135347609809024
ctransferencias_recibidas_lag2	0.000789158573502403	0.00176583041287797	0.00139761118824535
cmobile_app_trx_delta1	0.000783919285317515	0.00142324752849345	0.00128359553867797
cliente_vip_delta1	0.000781811389017377	0.000612593946630769	0.000321818365714391
ctarjeta_visa_debitos_automaticos_lag2	0.000770958006257428	0.000893565352016652	0.00103717461864524
Master_msaldopesos_tend1	0.000757792734324488	0.000873844658415174	0.00114567338194323
ctarjeta_visa_transacciones_delta1	0.000755749984350889	0.00279599417352953	0.00118429158582896
Visa_mconsumosdolares_delta2	0.0007501194592734	0.000936358706020926	0.00122290978971469
mtarjeta_master_consumo_tend1	0.000747557768094231	0.00168582321989521	0.00120819809299631
Visa_cconsumos_delta1	0.000746840643674676	0.00100097760499617	0.00118796951000855
ccomisiones_mantenimiento_lag2	0.000734030908557843	0.000809958045896291	0.00082385501622884
ctransferencias_emitidas	0.00072085971972006	0.00351781136700583	0.00144726316466986
internet_delta2	0.00071884988630608	0.000918391552531414	0.00122842667598407
mttarjeta_visa_debitos_automaticos_delta1	0.000706973793050624	0.00102200541542705	0.00107027593626157
Master_status	0.0007053458253663	0.000339587265561271	0.000261132616751106
Master_mpagospesos_lag2	0.000704107162583839	0.00111586291637444	0.00109969932969832
mcomisiones_mantenimiento_delta1	0.000696550667599371	0.00206755858284996	0.000612374375902241
ctransferencias_recibidas_delta2	0.000686863509316071	0.00156253592657803	0.0010022343389391
Visa_status_delta2	0.000681127942004562	0.00100291885079796	0.000161828663902094
cliente_vip_lag2	0.000669154279391014	0.00236075779867227	0.000246420920032734
ccomisiones_mantenimiento_lag1	0.000662677525425236	0.00106028560427991	0.00101326811147788
ccajas_extracciones_tend1	0.000661290554762128	0.00425383501144201	0.00108498763297995
Visa_mpagado_tend1	0.000651782236350318	0.00105385195515731	0.000987522642220731
ctarjeta_debito_lag2	0.000636257007968925	0.00133389244574143	0.000799948509061486
tcallcenter_delta2	0.000633395467058187	0.000460026879079371	0.000297911858547036
Master_mpagospesos_lag1	0.000627688133655659	0.000948923596051033	0.000932353779526835
matm_lag2	0.000618872394448906	0.00116735120204008	0.00155576192796786
Visa_mconsumosdolares	0.000598602699056362	0.000723236728736775	0.00129462931121675
ctransferencias_emitidas_delta2	0.000591449684795134	0.00252505872664826	0.000849600485485992
Master_mpagospesos	0.000586309123699987	0.00120136045685951	0.00118245262373916
ccaja_seguridad	0.000582104868296248	0.00166904572808347	0.000141600080914332
ctarjeta_visa_debitos_automaticos_delta2	0.000579552596201243	0.000975296421170079	0.000494680802155264
Master_Fvencimiento_delta1	0.000564471291065144	0.000454208646926695	0.000959938210873783
ccajas_otras_tend1	0.000549181125636065	0.0019367196641503	0.000546171740669566
matm_lag1	0.000547921766429082	0.00120210310958954	0.00111624998850649
Visa_status_lag2	0.000544794665905414	0.000644736217993092	9.74649907592155e-05
mplazo_fijo_dolares	0.000540226545495586	0.0019533688660046	0.000283200161828664
catm_trx_other_tend1	0.000529853592339134	0.000881179851230823	0.00105004735327381
mforex_sell_tend1	0.00052655012694102	0.00127384972949083	0.000910286234449277
cliente_vip	0.00051785040809073	0.000860864795322599	0.00029607289645724
ccheques_depositados_tend1	0.000512855081568715	0.00115598446583284	0.0002114806403266
ccajas_consultas_delta2	0.000512091835877903	0.00271652017012558	0.00049651976424506
matm_other_tend1	0.000511939065709138	0.000955696930977362	0.0011107331022371
ctarjeta_debito_lag1	0.000498284707352529	0.000839269826732536	0.000649153617698171
mextraccion_autoservicio_delta2	0.000494506508188496	0.000810591237804394	0.00083488878876762
ctarjeta_debito	0.000494118683764649	0.000560883606012574	0.000643636731428782
cplazo_fijo_tend1	0.000491044998370288	0.000717392405200382	0.000380665152587879
ctarjeta_visa_debitos_automaticos_lag1	0.00048783070549122	0.000850113066119664	0.000794431622792096
Visa_delinquency	0.000487016309925076	0.000390843393550016	0.000204124791967414
ctransferencias_emitidas_delta1	0.00048590559390988	0.00163237055465322	0.00070800040457166
cforex_tend1	0.000483711569599181	0.000929541680472255	0.000827532940408434
tmobile_app_lag2	0.000482629510861884	0.000472053103561239	0.000766847191445148
ccallcenter_transacciones	0.000481883538059357	0.000957790947541048	0.000516748347232822
mcheques_depositados_tend1	0.000478200567359004	0.00116400954294591	0.000257454692571513
catm_trx	0.000477124100269786	0.000618559122176815	0.000698805594122677
mcuenta_debitos_automaticos_delta1	0.000472027836410207	0.00171258680082157	0.000546171740669566
Master_msaldopesos_delta2	0.000470982005153593	0.000678988377445448	0.000856956333845178
Visa_Fvencimiento_delta1	0.000465423533958717	0.000327158542685244	0.000606857489632851
Master_mconsumototal_lag2	0.000461357243253324	0.000950913481345921	0.000794431622792096
Visa_mconsumosdolares_delta1	0.000456274048925709	0.000652597689538448	0.000838566712947213
ccaja_seguridad_tend1	0.000455649518960634	0.00244603832092532	0.000174701398530669
Visa_mlimitecompra_delta2	0.000455512108388817	0.000956518414240463	0.000470774294987909
Master_msaldototal_delta1	0.000447734235212728	0.00090425441504545	0.000733745873828811
cseguro_accidentes_personales_tend1	0.000447584304512601	0.00166926119430277	0.000452384674089944
ccuenta_debitos_automaticos_lag1	0.000443554797031448	0.000696602433398636	0.00131117997002492
ccajas_depositos_tend1	0.000439538745689272	0.00207703139500186	0.000503875612604246
ctransferencias_emitidas_lag2	0.000438295164110728	0.000887164851543173	0.00103717461864524
Master_mconsumototal	0.000437294052450077	0.000847716114242223	0.000687771821583898
ctransferencias_recibidas_delta1	0.00043675343057534	0.000761131374202412	0.000739262760098201
Master_msaldopesos_delta1	0.000434859708594123	0.000908807024746651	0.000737423798008404
Visa_fechaalta_delta1	0.000434303407748096	0.000393466675735821	0.000606857489632851
ccajas_otras_delta1	0.000433016190551968	0.00131672610153421	0.000159989701812297
tpaquete3_delta2	0.000430524731363734	0.00100838826077011	7.90753698612503e-05
ccajas_transacciones_delta2	0.000425000089698024	0.000707409273694899	0.000270327427200088
ctransferencias_emitidas_lag1	0.000423223112101057	0.00053372631166973	0.00109234348133913
ccajas_consultas_delta1	0.000422765429743289	0.00142456805705544	0.000297911858547036
cforex_sell_tend1	0.0004150443721068	0.000953725523418866	0.000687771821583898
ctarjeta_debito_tend1	0.000410506297153907	0.00249696630071436	0.000435834015281775
Master_Finiciomora	0.000408089693885625	0.00113480485098761	0.000158150739722501
mv_status05	0.000406096640308647	0.000541628955477158	0.000445028825730758
catm_trx_lag1	0.000405426682438566	0.00093021554682703	0.000822016054139044
mtarjeta_master_consumo_lag2	0.000402384223440297	0.00112136029185889	0.000483647029616485
matm_delta2	0.000399562574761657	0.000935886806303075	0.000735584835918608
Visa_mpagado_lag2	0.000399046555850383	0.00045987106285854	0.000382504114677676
mplazo_fijo_dolares_tend1	0.000394762344147891	0.000865763825977083	0.000400893735575641
tcuentas_lag2	0.0003940844192929	0.000596779083390238	0.000123210460016367
ccaja_seguridad_lag1	0.000390550008590075	0.000522602567945196	0.000102981877028605
tcallcenter_delta1	0.000390223425473758	0.000445384839642728	0.000198607905698024
thomebanking_lag2	0.000390201763564456	0.000240753426155784	0.00041744439438381
Master_mpagospesos_tend1	0.000386915342146414	0.00126357127631892	0.00074477964636759
Master_mpagospesos_delta2	0.000383826038828668	0.000964233820890215	0.000742940684277794
Master_msaldototal_delta2	0.000383823861420197	0.000781895957418656	0.000805465395330875
ccallcenter_transacciones_delta2	0.000380480090761445	0.00143718381210633	0.000522265233502211
Visa_msaldodolares_tend1	0.00037958202592552	0.0012126775872261	0.000739262760098201
matm_delta1	0.000378444490522046	0.00102543562709626	0.000687771821583898
mplazo_fijo_dolares_delta1	0.000378382541918981	0.00143784690222181	0.000251937806302123
ctarjeta_visa_debitos_automaticos	0.000376942406627622	0.000616350080972005	0.000731906911739015
mextraccion_autoservicio_delta1	0.000376192422435912	0.000996762338437984	0.000717195215020642
Visa_msaldodolares_lag2	0.000375378050849154	0.00162830955230314	0.000286878086008257
thomebanking_delta1	0.000373358500517057	0.000265975536331443	0.000204124791967414
mplazo_fijo_dolares_delta2	0.00036810383528995	0.00111687433085504	0.00029055601018785
mtarjeta_master_consumo_lag1	0.000362015591284645	0.000537733315690322	0.000443189863640961
thomebanking_delta2	0.000358652568701301	0.000323223721897944	0.000257454692571513
ccajas_transacciones_delta1	0.000358496645740465	0.000645770122016558	0.000224353374955175
thomebanking_lag1	0.000357075640597815	0.000205494361844706	0.000428478166922589
Master_mpagospesos_delta1	0.000355396483736181	0.00076955051613106	0.000638119845159392
Visa_mpagado_delta1	0.000353080777135302	0.000891091941550113	0.000524104195592008
Master_mconsumototal_lag1	0.000352152332289716	0.000673308684390827	0.00066570427650634
ccheques_emitidos_tend1	0.00033893975591524	0.00202238731108656	0.00020596375405721
Visa_mlimitecompra_delta1	0.00032826252551211	0.00176715902361943	0.000481808067526688
cliente_vip_delta2	0.000325161068325516	0.00024621290910316	0.000207802716147007
Master_mconsumototal_tend1	0.000324605652736816	0.000707778330607346	0.000610535413812444
internet_lag2	0.000322234436250252	0.000267639821070155	0.000356758645420525
Visa_mpagosdolares_tend1	0.000320754382401004	0.000597473857991897	0.000518587309322618
ccajas_otras_delta2	0.000312407153917267	0.000793307467728813	0.00012137149792657
Visa_Finiciomora_delta1	0.00030991138101821	0.00114885077112197	0.000119532535836774
Visa_delinquency_lag1	0.000305852209240446	0.000285248606036733	0.00016918451226128
Master_mconsumototal_delta2	0.000301248543539309	0.000529321728842481	0.000549849664849159
mv_mconsumosdolares	0.000298470180717823	0.000838621436813041	0.000836727750857416
mvr_mconsumosdolares	0.000298261257551037	0.00102929164663374	0.000693288707853288
ccuenta_debitos_automaticos_lag2	0.000292954137357124	0.000540568023005688	0.00087166803056355
cseguro_vida_tend1	0.000289500550940935	0.00153952935849067	0.000376987228408286
tcuentas_lag1	0.000288369660594468	0.00075526877791244	0.000119532535836774
ccaja_seguridad_lag2	0.000287321109408099	0.000394150469115376	7.17195215020642e-05
Visa_mpagado_delta2	0.000284445272466225	0.000705677578894103	0.000428478166922589
matm_other_lag2	0.000279688486823375	0.00140577262658676	0.000424800242742996
tcallcenter	0.000276327953057058	0.000365346225723115	0.000365953455869507
Master_mconsumototal_delta1	0.000274949815627539	0.000610741253404024	0.000467096370808316
mvr_mpagado	0.000274373299001931	0.00120762684000703	0.000410088546024624
Visa_delinquency_tend1	0.000273883442060682	0.0010597522682848	0.000422961280653199
Master_cconsumos_lag2	0.000271491274941493	0.000294047054018457	0.000424800242742996
cliente_vip_lag1	0.000270682029460095	0.00102269368914522	0.000152633853453111
catm_trx_lag2	0.00026690610621019	0.000935324626297905	0.000928675855347242
Master_cconsumos_lag1	0.000265755868444262	0.00100649946128509	0.00041744439438381
Master_cconsumos	0.00025845897541886	0.000554352180088365	0.000448706749910351
ctarjeta_master_transacciones	0.00025829671954064	0.000852631543521715	0.00032733525198378
Master_cconsumos_tend1	0.000252413055239968	0.000623817839100885	0.000513070423053229
ctarjeta_master	0.000247140856667698	7.55203534811517e-05	0.000185735171069448
ctarjeta_master_debitos_automaticos_tend1	0.000244410478164018	0.00078879342407964	0.000378826190498083
Visa_mpagado	0.000241155289462637	0.000604694553265083	0.000367792417959304
catm_trx_delta2	0.00023987421388898	0.00107208189661257	0.000413766470204217
tpaquete4_lag1	0.000234726760747574	0.000355983899307203	0.000198607905698024
mtarjeta_master_consumo_delta1	0.000227030595447431	0.00138048536115995	0.000373309304228693
tcuentas	0.000224011156792956	0.000811920170661702	0.000119532535836774
Visa_mpagosdolares_lag1	0.000223920817459535	0.000361989544317107	0.000347563834971542
mttarjeta_master_debitos_automaticos_tend1	0.000221851127387356	0.000577192272848643	0.000353080721240932
Visa_mpagosdolares_lag2	0.000219211645242794	0.000435643031474186	0.00032733525198378
matm_other_lag1	0.000218359164109265	0.000429334246167714	0.000393537887216455
mv_mpagado	0.000217209899821599	0.000889679434271785	0.00028503912391846
active_quarter	0.000217200523991921	0.000222360289098443	0.000139761118824535
mforex_sell	0.00021609434312206	0.00115366997561258	0.000183896208979652
mcheques_depositados	0.000212583196159857	0.000813269660366786	8.09143319510468e-05
Visa_status_delta1	0.000210813805793034	0.000159621433913793	0.000123210460016367
mforex_sell_delta2	0.000206449041082784	0.00128473296980967	0.000275844313469478
ccajas_consultas	0.000203028723156251	0.000650168145393804	0.000226192337044972
matm_other	0.000201841809912242	0.000404315888907773	0.000318140441534798
Visa_mpagado_lag1	0.000200018918652608	0.000454246773729838	0.000283200161828664
cseguro_accidentes_personales_lag2	0.000194439332276775	0.000316580697473907	0.000187574133159245
matm_other_delta2	0.000190141820338474	0.00074517234947811	0.000343885910791949
mprestamos_prendarios	0.000189615196300547	0.00196067861166823	0.000117693573746977
Visa_delinquency_lag2	0.000188875248388148	0.000122206916761769	7.17195215020642e-05
Visa_msaldodolares_delta2	0.00018618476231538	0.000495827039449179	0.000310784593175612
mtarjeta_master_consumo_delta2	0.000185203971333163	0.000600476739063367	0.000343885910791949
mcheques_emitidos_tend1	0.000185079827439576	0.000701280258315072	0.000106659801208198
Visa_Finiciomora_lag2	0.000182100652514921	0.00147416174515079	0.000194929981518431
ctarjeta_master_transacciones_lag1	0.000181441120554349	0.000774573912786272	0.000229870261224565
ccallcenter_transacciones_lag2	0.000181416559845984	0.00112704124409364	0.000279522237649071
tpaquete4_delta2	0.000179757301346287	0.000910796705058726	6.06857489632851e-05
ctarjeta_visa_debitos_automaticos_delta1	0.000177235550117	0.000464076636658018	0.000231709223314361
ccuenta_debitos_automaticos_delta2	0.000177030100173166	0.000342481886424432	0.000176540360620466
tpaquete4_lag2	0.000176892267503273	0.000313137044788842	0.000147116967183722
Visa_mpagosdolares_delta2	0.000175459548132593	0.000344528786224481	0.000307106668996019
cseguro_accidentes_personales_lag1	0.000173657410777354	0.000317845704976944	0.000167345550171483
Visa_msaldodolares_lag1	0.000171536351519342	0.000567422294184999	0.000239065071673547
catm_trx_delta1	0.000170754590395494	0.000711303976417449	0.000319979403624594
cseguro_vivienda_tend1	0.000168526237253415	0.000710831227485089	0.000239065071673547
active_quarter_lag2	0.00016357765072485	0.000182098004297565	0.000123210460016367
Master_cconsumos_delta2	0.000159808468182282	0.000407027665102101	0.000356758645420525
tpaquete3_delta1	0.000159770894648064	0.00226053159887061	9.9303952849012e-05
Visa_msaldodolares_delta1	0.000159612553435377	0.000484289025460392	0.000262971578840902
mttarjeta_master_debitos_automaticos_lag2	0.000154513185934426	0.000581498786041695	0.000239065071673547
Master_cconsumos_delta1	0.000150815630233192	0.000426843207179292	0.000318140441534798
mcheques_emitidos_delta2	0.000149513219280903	0.00183203690373676	0.000130566308375553
mvr_msaldodolares2	0.000144268114757953	0.00098500806758191	0.000216997526595989
mprestamos_prendarios_tend1	0.000143823302684288	0.00197341106050601	0.00012137149792657
catm_trx_other_lag1	0.000143778189899876	0.000570989287956729	0.000228031299134768
mv_msaldodolares	0.000142014541850354	0.000994393674188681	0.000222514412865379
ctarjeta_visa_descuentos_tend1	0.00014059625329555	0.00100210577183017	0.000213319602416396
matm_other_delta1	0.000140011803790063	0.000722923075750246	0.000268488465110292
Visa_msaldodolares	0.00013955004401877	0.000836238658032928	0.000226192337044972
Master_delinquency	0.00013669673800568	0.000565003789828977	0.000239065071673547
ctarjeta_master_transacciones_lag2	0.000135204125071173	0.000663372962481572	0.000220675450775582
tcuentas_tend1	0.000132712327991362	0.00114793552286374	0.000125049422106163
ctarjeta_visa_delta1	0.000130740685870867	0.000122360448888402	4.04571659755234e-05
Visa_mpagosdolares_delta1	0.000130414023850828	0.000360964103155475	0.000233548185404158
mforex_sell_lag2	0.000127479994199686	0.000164000101056878	0.000279522237649071
ctarjeta_visa	0.000126989032323838	0.000239386425061852	0.000226192337044972
Master_msaldodolares_lag2	0.000125946865523689	0.00176100877787687	0.000182057246889855
cliente_edad_delta2	0.000125484650147248	0.000141301007188406	0.000191252057338838
mforex_buy_tend1	0.000124770613862119	0.000742777828111161	0.000102981877028605
ctarjeta_master_transacciones_delta2	0.000124265368500021	0.000382547124175889	0.00025377676839192
cseguro_accidentes_personales	0.000124175228595178	0.000387866457445969	0.000134244232555146
ccajas_consultas_lag2	0.000123233772703455	0.000768132064351167	0.000182057246889855
Master_mpagosdolares_lag2	0.000123004777716835	0.000714360358003006	0.000202285829877617
Master_mpagado_delta1	0.000122840067075727	0.000991238637303748	0.00016366762599189
Master_mpagosdolares	0.000121289867015196	0.000401668799432449	0.000147116967183722
mvr_msaldodolares	0.000120154036610404	0.000529681473678584	0.000172862436440873
Master_Finiciomora_lag1	0.000119033382083865	0.00167045164662854	0.000117693573746977
mttarjeta_master_debitos_automaticos_lag1	0.000118447633193689	0.000229640136554692	0.000191252057338838
cforex_delta2	0.000118366077454214	0.000540555255504789	0.000165506588081687
Visa_madelantodolares_lag2	0.000117869847394734	7.59865429635089e-06	2.94233934367443e-05
tpaquete3_lag1	0.000117345041657433	0.000364066225191499	6.25247110530816e-05
Visa_mpagosdolares	0.000116184265419628	0.000235034581383958	0.000218836488685786
catm_trx_other_lag2	0.000115995345367824	0.000395925766688737	0.000194929981518431
mforex_sell_delta1	0.00011454196300546	0.00106982922335194	0.000182057246889855
ccajas_transacciones_lag2	0.000112650667996168	7.01714441195406e-05	0.000114015649567384
ccajas_depositos_lag1	0.000112006833798899	0.001386638037413	0.000101142914938809
minversion2_tend1	0.000111896683337286	0.00100599704841143	0.00016366762599189
mttarjeta_master_debitos_automaticos	0.000108593851635853	0.000321376006825219	0.000174701398530669
Master_mconsumosdolares_lag2	0.000105550984512454	0.00016016487263324	0.000209641678236803
ctarjeta_master_transacciones_delta1	0.000104777100767045	0.00036368091607034	0.000180218284800059
mforex_sell_lag1	0.000104636451296214	0.000127326743188677	0.000262971578840902
catm_trx_other	0.000103868116585347	0.000706336042254674	0.000158150739722501
ctarjeta_master_debitos_automaticos_lag2	0.000102504170401366	6.7586669419245e-05	5.88467868734886e-05
Master_Finiciomora_lag2	9.97237454449014e-05	0.00095596296938485	8.64312182204364e-05
mplazo_fijo_dolares_lag2	9.87594732641713e-05	0.000297167712357392	0.000114015649567384
ccallcenter_transacciones_lag1	9.85114708090507e-05	0.000386334328054863	0.000182057246889855
Master_mpagado_tend1	9.79047327921417e-05	0.000448295185615941	0.00016918451226128
ccajas_transacciones	9.7614974764786e-05	0.000171958412339555	0.000216997526595989
ccuenta_debitos_automaticos_delta1	9.72585888002262e-05	0.000644532377227596	0.000117693573746977
Master_mpagado_delta2	9.6938079658446e-05	0.00038715730476417	0.000147116967183722
Master_mpagado	9.68177754544768e-05	0.000365195973321483	0.00012688838419596
cforex_sell	9.42020203222781e-05	0.00115925265323033	8.45922561306399e-05
Master_status_delta1	9.33194322284225e-05	0.000234362647724274	0.000150794891363315
ccajas_extracciones_lag2	9.20827994034734e-05	0.000601375969378959	0.000139761118824535
Master_delinquency_tend1	9.13975542198681e-05	0.000643770983211845	9.5626028669419e-05
ccajas_extracciones_delta2	8.99663044510279e-05	0.000502583097252732	0.000171023474351076
Master_mpagado_lag2	8.9877947043325e-05	0.000199667403280867	0.000134244232555146
mplazo_fijo_dolares_lag1	8.97938538876361e-05	0.000343576231094355	0.000108498763297995
Master_madelantopesos	8.94040864686776e-05	1.97972400403525e-05	6.62026352326747e-05
Master_mpagado_lag1	8.84881015641791e-05	0.000193751921425245	0.000143439043004128
ccajas_transacciones_lag1	8.75264762613263e-05	8.31998295721826e-05	0.00012688838419596
cforex_buy_tend1	8.63089260672216e-05	0.000460388263777974	7.90753698612503e-05
mcaja_ahorro_adicional	8.62636490327509e-05	0.00242854918735478	0.000123210460016367
minversion2	8.21052928629162e-05	0.0012788754395235	9.9303952849012e-05
mttarjeta_master_debitos_automaticos_delta2	8.07884009370768e-05	0.000314487793674061	0.000158150739722501
Master_delinquency_delta1	8.04842194787305e-05	0.000733742156448748	0.000112176687477588
mprestamos_hipotecarios	7.87582988552264e-05	0.00181821391705273	6.80415973224712e-05
ctarjeta_visa_lag2	7.75842667136693e-05	6.95130100422289e-05	4.5974052244913e-05
cinversion1_tend1	7.75224412426635e-05	0.00132852652280637	0.000114015649567384
ccajas_extracciones	7.68759421887127e-05	0.000512331289171723	0.000156311777632704
active_quarter_delta2	7.68722123402938e-05	0.00037457835876977	7.90753698612503e-05
mcheques_emitidos	7.43807825668382e-05	0.000794729931315182	6.62026352326747e-05
ccheques_emitidos	7.16816026751556e-05	0.000569110474063008	4.41350901551165e-05
mcheques_depositados_lag2	7.15596569946927e-05	0.000726198349696395	7.53974456816573e-05
mcaja_ahorro_adicional_delta2	7.12499213990318e-05	0.00162454802984226	0.000104820839118402
cplazo_fijo_delta1	7.09469419547806e-05	0.000205843681840626	3.67792417959304e-05
Master_msaldodolares_delta2	7.08391058298471e-05	0.000323764085875201	0.000136083194644942
cforex_sell_delta2	6.91580545291313e-05	0.000228093658366704	0.000110337725387791
cprestamos_prendarios	6.89616293484222e-05	0.00213719364551546	6.43636731428782e-05
ccheques_depositados	6.88054339396344e-05	0.000775559733698555	3.67792417959304e-05
cseguro_vida_lag1	6.80439298839814e-05	0.000149676663477524	9.5626028669419e-05
Visa_madelantopesos_lag2	6.76192193868895e-05	4.21867220120308e-05	9.01091424000294e-05
ccajas_consultas_lag1	6.738125473322e-05	0.000213532616424295	9.37870665796225e-05
cseguro_vida	6.66405705572576e-05	0.000252569894653851	8.09143319510468e-05
ccajas_extracciones_delta1	6.65295485300733e-05	0.00022177913354148	0.000104820839118402
mcaja_ahorro_adicional_tend1	6.65235471463766e-05	0.000878224614021652	0.000108498763297995
Visa_delinquency_delta2	6.55000019976192e-05	0.000215705375671276	0.000110337725387791
Master_msaldodolares_lag1	6.52343287597397e-05	0.000539034488018153	0.000108498763297995
cseguro_vivienda_lag1	6.51197453745156e-05	0.00020688180265338	9.9303952849012e-05
ccaja_seguridad_delta2	6.50955990432174e-05	0.00164176096371446	4.9651976424506e-05
ccajas_extracciones_lag1	6.47550872822464e-05	0.00088181046621214	0.000101142914938809
Master_mconsumosdolares_delta2	6.39988011830184e-05	0.000317045422793317	0.000136083194644942
mcheques_emitidos_lag2	6.38639929873559e-05	0.000784570368174573	9.01091424000294e-05
catm_trx_other_delta1	6.3653639080373e-05	0.000516854264214874	0.00012137149792657
Visa_cadelantosefectivo_lag2	6.33412935606154e-05	6.25476940702763e-05	4.5974052244913e-05
catm_trx_other_delta2	6.30720628425452e-05	0.000263538261406439	0.000137922156734739
cseguro_vida_lag2	6.27245852659682e-05	0.000273461332947832	8.82701803102329e-05
Master_delinquency_lag1	6.22462902684097e-05	0.000132160940707864	8.09143319510468e-05
Master_msaldodolares_tend1	6.18654545724199e-05	0.000724513537393165	0.00012688838419596
cforex_lag1	6.1631528296881e-05	0.000481821969461044	0.000150794891363315
mv_mpagosdolares	6.12977709084636e-05	0.000622807332401313	0.000128727346285756
ccajas_otras	6.08449668378896e-05	0.00023034463319832	4.78130143347095e-05
Master_mpagosdolares_lag1	6.05424642464097e-05	7.81023462718478e-05	0.000117693573746977
tpaquete3_lag2	5.97813862540263e-05	0.000144336392677301	4.41350901551165e-05
minversion1_pesos	5.94965059080179e-05	0.000917673322039343	6.80415973224712e-05
Master_mconsumosdolares_tend1	5.92876230244433e-05	0.00066091568709071	9.74649907592155e-05
mforex_buy	5.70170477683267e-05	0.00115091579725931	5.88467868734886e-05
cforex_sell_lag2	5.66097696916147e-05	0.000425711643487254	0.000132405270465349
cforex_lag2	5.59480209346042e-05	0.000269076311337557	0.000143439043004128
tcallcenter_lag1	5.57062440645084e-05	0.000101304028713542	8.45922561306399e-05
minversion2_lag2	5.53941481541853e-05	0.000779032318243455	8.09143319510468e-05
Master_mconsumosdolares_lag1	5.53350071549302e-05	0.000432977112863362	0.000150794891363315
mttarjeta_master_debitos_automaticos_delta1	5.52064146870775e-05	0.000310993861633392	0.000104820839118402
mprestamos_hipotecarios_lag2	5.43048568654653e-05	0.000547773813100073	3.31013176163373e-05
mvr_mpagosdolares	5.42468949468599e-05	0.000296497857809093	0.000123210460016367
Master_Finiciomora_delta1	5.40587804957981e-05	0.000455462819623924	2.94233934367443e-05
cforex	5.34161087862519e-05	0.000146408329663745	6.06857489632851e-05
ccajas_otras_lag2	5.28748952168217e-05	0.000311951717033386	7.53974456816573e-05
mv_status03	5.1686161140048e-05	0.000173724134287242	0.000161828663902094
mforex_buy_delta2	4.92944739609479e-05	0.000908042468138933	6.06857489632851e-05
cseguro_vivienda	4.90930141656321e-05	7.97281528083096e-05	6.80415973224712e-05
cseguro_vivienda_lag2	4.86562852776117e-05	5.80741491682195e-05	6.62026352326747e-05
cplazo_fijo_lag1	4.82356019215095e-05	0.000306352025842195	4.04571659755234e-05
ccajas_depositos_delta2	4.82135546380907e-05	0.000289164334139203	7.17195215020642e-05
ctarjeta_visa_descuentos_delta1	4.81272810167664e-05	0.00128940927199665	7.35584835918608e-05
minversion2_lag1	4.80015494311006e-05	0.000505985401976171	5.88467868734886e-05
ccheques_emitidos_lag2	4.77062947540159e-05	0.000364903609264206	5.70078247836921e-05
cforex_sell_delta1	4.74595461921858e-05	0.000222081981005458	6.62026352326747e-05
Master_msaldodolares_delta1	4.6699127846088e-05	0.000370451088404703	7.53974456816573e-05
cforex_sell_lag1	4.64626100586743e-05	0.000317446369174752	0.000115854611657181
ccajas_depositos_lag2	4.59140876916038e-05	0.000402426210924985	4.78130143347095e-05
Master_delinquency_delta2	4.52656889713424e-05	0.000216073905485062	0.000128727346285756
ctarjeta_debito_delta2	4.49060844625203e-05	0.000414170906155385	5.70078247836921e-05
Master_mpagosdolares_tend1	4.48920612540329e-05	0.000151897798668278	6.98805594122677e-05
tcallcenter_lag2	4.48854903868331e-05	4.38169796038518e-05	5.88467868734886e-05
cliente_edad_delta1	4.44850819901059e-05	0.0001376076854376	9.01091424000294e-05
mprestamos_hipotecarios_tend1	4.43047463925579e-05	0.000893143907353958	3.67792417959304e-05
Master_mconsumosdolares	4.36399356316498e-05	3.40196210930971e-05	0.000139761118824535
Visa_status_lag1	4.33996883948288e-05	6.67298119793421e-05	4.5974052244913e-05
cprestamos_hipotecarios_tend1	4.28358894212084e-05	0.000479598696592387	2.20675450775582e-05
ccheques_depositados_lag2	4.27880816727386e-05	0.000289916503928389	4.04571659755234e-05
mcheques_depositados_delta2	4.25516028367249e-05	0.000255048488257223	5.70078247836921e-05
ctarjeta_master_debitos_automaticos_lag1	4.24018857236093e-05	0.000114682466243578	6.80415973224712e-05
Visa_delinquency_delta1	4.01976076546234e-05	0.000184512760396443	6.43636731428782e-05
Master_status_lag2	3.94008757871778e-05	0.000139866215350023	5.3329900604099e-05
ctarjeta_visa_lag1	3.92528248273465e-05	9.66045927520066e-05	4.41350901551165e-05
active_quarter_delta1	3.91944984065596e-05	0.000180309294991609	3.67792417959304e-05
mforex_buy_lag2	3.91304642131148e-05	0.00108164657034777	5.14909385143025e-05
cforex_buy_delta1	3.88013743933109e-05	0.000541193718399503	3.67792417959304e-05
Visa_status_tend1	3.75131246900117e-05	0.000175106831207967	4.41350901551165e-05
cplazo_fijo_delta2	3.73851719041754e-05	9.36950959933028e-05	4.04571659755234e-05
mprestamos_hipotecarios_lag1	3.63050143640978e-05	0.000310717749784828	1.83896208979652e-05
Master_delinquency_lag2	3.62984311954225e-05	7.46547696300841e-05	4.41350901551165e-05
mcheques_emitidos_lag1	3.626161487577e-05	0.000279768507675062	4.41350901551165e-05
ccajas_otras_lag1	3.60504829592556e-05	0.000694380039027748	6.06857489632851e-05
ccheques_emitidos_delta2	3.53891830539553e-05	0.000564155453817426	4.78130143347095e-05
ccajas_depositos	3.51264254867848e-05	0.00065358023072573	5.70078247836921e-05
ctarjeta_visa_descuentos	3.41923197478027e-05	0.00051891838257118	4.04571659755234e-05
ctarjeta_master_debitos_automaticos	3.39698927372964e-05	0.000198256389448745	6.98805594122677e-05
mcheques_depositados_lag1	3.37374653644453e-05	0.000498579782922766	6.25247110530816e-05
cinversion2	3.31016502369501e-05	0.0006378207128446	3.67792417959304e-05
Master_mpagosdolares_delta2	3.29567902596253e-05	0.000375066862095441	8.27532940408434e-05
ccheques_depositados_delta1	3.29040771710992e-05	0.00110407769311367	4.78130143347095e-05
cinversion1	3.23829230990007e-05	0.000760068655452147	3.12623555265408e-05
ctarjeta_master_lag2	3.17752716239014e-05	8.8718347569586e-05	3.31013176163373e-05
mcaja_ahorro_adicional_delta1	3.13262415517954e-05	0.000473018543325299	4.9651976424506e-05
minversion2_delta2	3.11772331870036e-05	0.000263575802544403	6.62026352326747e-05
minversion1_pesos_tend1	3.11380620825838e-05	0.000286802727155305	7.90753698612503e-05
cseguro_accidentes_personales_delta2	3.05063015172993e-05	0.000322014352586897	3.12623555265408e-05
cinversion2_tend1	3.03259497236707e-05	0.000221440531218333	5.51688626938956e-05
tpaquete4_delta1	2.99378476014718e-05	0.000324521731633809	2.20675450775582e-05
cseguro_auto_tend1	2.99003483104746e-05	0.000317073798271232	4.04571659755234e-05
Master_mconsumosdolares_delta1	2.98249349142257e-05	8.66828682405251e-05	9.9303952849012e-05
mprestamos_prendarios_delta2	2.97374832639125e-05	0.000965525446875631	4.78130143347095e-05
mcaja_ahorro_adicional_lag1	2.97156763469661e-05	0.000258526168089179	5.14909385143025e-05
mcajeros_propios_descuentos	2.96235174068169e-05	0.000965838924162605	3.49402797061339e-05
Master_msaldodolares	2.94287538387413e-05	5.4686573924028e-05	6.80415973224712e-05
mforex_buy_delta1	2.94240893973447e-05	0.000569767356127596	3.49402797061339e-05
mcheques_emitidos_delta1	2.89441454581939e-05	0.000435679518414828	4.04571659755234e-05
cforex_buy_delta2	2.89241673206258e-05	0.000335966829841973	3.12623555265408e-05
mcajeros_propios_descuentos_delta1	2.88343953323091e-05	0.000738297928741914	3.49402797061339e-05
ctarjeta_master_debitos_automaticos_delta2	2.80758447924779e-05	0.000168268780279376	4.78130143347095e-05
Visa_madelantodolares_lag1	2.77497909316448e-05	1.42677701041048e-05	2.02285829877617e-05
minversion1_pesos_lag1	2.77172871582484e-05	0.000287862195463828	4.04571659755234e-05
Visa_madelantopesos_tend1	2.70949614516242e-05	0.000232033369458248	3.12623555265408e-05
Master_status_lag1	2.70047131842445e-05	2.63384758563065e-05	3.67792417959304e-05
Visa_cadelantosefectivo_tend1	2.66954151243475e-05	0.000177528995971357	2.75844313469478e-05
Visa_cadelantosefectivo_lag1	2.66949101576701e-05	4.09395772969484e-05	1.83896208979652e-05
Master_Finiciomora_delta2	2.62138827448654e-05	0.000175768427877244	1.10337725387791e-05
cprestamos_prendarios_tend1	2.58322037109396e-05	0.000508425693076847	2.94233934367443e-05
Visa_madelantopesos_lag1	2.48806878368048e-05	2.46231211139999e-05	4.5974052244913e-05
mprestamos_prendarios_lag1	2.47799911914388e-05	0.000205440714914325	1.83896208979652e-05
cforex_delta1	2.4751038595362e-05	6.80117452060476e-05	3.86182038857269e-05
ccheques_emitidos_lag1	2.44549899985899e-05	0.000240321029554246	2.94233934367443e-05
ccheques_emitidos_delta1	2.39879426686377e-05	0.000207148309593012	2.39065071673547e-05
Visa_madelantopesos	2.39507421935478e-05	4.30749418222606e-05	7.17195215020642e-05
minversion2_delta1	2.36007721761781e-05	0.000214400601502596	4.22961280653199e-05
mprestamos_prendarios_delta1	2.35475893203505e-05	0.000773241553787668	3.67792417959304e-05
mcajeros_propios_descuentos_tend1	2.31762963628308e-05	0.000211299006565232	4.41350901551165e-05
ccajas_depositos_delta1	2.29568819645549e-05	0.000169085051122386	4.22961280653199e-05
mprestamos_prendarios_lag2	2.25153581130166e-05	0.000400087064200695	3.12623555265408e-05
cplazo_fijo_lag2	2.20793488265691e-05	0.000128945902425359	3.31013176163373e-05
cprestamos_hipotecarios	2.19961267144856e-05	0.000250132941844695	1.10337725387791e-05
Master_mpagosdolares_delta1	2.19658272433709e-05	6.17809119348792e-05	8.64312182204364e-05
mcaja_ahorro_adicional_lag2	2.15903426306871e-05	0.000204578469354776	3.49402797061339e-05
Visa_madelantopesos_delta1	2.14205343961565e-05	4.64093386682133e-05	3.49402797061339e-05
ctarjeta_debito_delta1	2.07928505152564e-05	0.000352269610742995	3.12623555265408e-05
ccheques_emitidos_rechazados_tend1	2.06615525350069e-05	0.000285695000036046	3.12623555265408e-05
ctarjeta_master_delta1	2.05230889409755e-05	8.09316947508273e-05	2.02285829877617e-05
ctarjeta_visa_descuentos_delta2	1.97886548117293e-05	0.000219736889779603	3.67792417959304e-05
minversion1_pesos_delta1	1.96697867183994e-05	0.000164820764388729	2.94233934367443e-05
ccheques_depositados_lag1	1.92052212726169e-05	3.65868551212864e-05	1.47116967183722e-05
Master_madelantopesos_lag2	1.87990578656148e-05	1.69361192254209e-05	4.5974052244913e-05
mcheques_emitidos_rechazados_tend1	1.85906654787247e-05	0.000195713841207843	3.12623555265408e-05
cseguro_auto_lag1	1.85183609269495e-05	0.000205578229098316	2.20675450775582e-05
mtarjeta_master_descuentos_lag2	1.82493076658612e-05	0.000205685640092116	2.57454692571513e-05
cinversion2_lag2	1.78512751021092e-05	0.000149676107095605	2.75844313469478e-05
cprestamos_hipotecarios_lag2	1.75440966650874e-05	0.000258215560561581	1.10337725387791e-05
cinversion2_lag1	1.75018479881847e-05	0.000163387905245436	2.02285829877617e-05
Master_cadelantosefectivo_lag2	1.73206089013655e-05	1.86133764478439e-05	4.22961280653199e-05
mtarjeta_master_descuentos_tend1	1.70046429022221e-05	0.000389592939826674	2.57454692571513e-05
mcheques_depositados_delta1	1.68099863572519e-05	0.000242548109246565	3.49402797061339e-05
mforex_buy_lag1	1.61434755267458e-05	0.000462930489903027	2.20675450775582e-05
Visa_cadelantosefectivo	1.56686344191458e-05	3.3649861382436e-05	3.67792417959304e-05
cseguro_auto_lag2	1.53519033024122e-05	0.000122918148554953	2.20675450775582e-05
ccheques_depositados_delta2	1.49370181215605e-05	0.000375335184597127	2.75844313469478e-05
tcuentas_delta2	1.49350488613395e-05	0.000384632824294036	2.75844313469478e-05
ctarjeta_visa_descuentos_lag1	1.46812521141284e-05	0.000123874979040884	2.20675450775582e-05
Master_madelantodolares_lag2	1.46310908365641e-05	6.30948810468672e-06	1.83896208979652e-05
minversion1_pesos_lag2	1.45414459166849e-05	0.000169179782465063	3.49402797061339e-05
mtarjeta_master_descuentos_delta1	1.41922052926976e-05	4.29453048349242e-05	3.12623555265408e-05
Visa_cadelantosefectivo_delta2	1.31967585216562e-05	3.87475789488423e-05	2.20675450775582e-05
Visa_madelantodolares	1.29902097016404e-05	1.20395776479463e-05	5.3329900604099e-05
tpaquete1	1.1978000681274e-05	0.000311472408651023	1.47116967183722e-05
ccheques_depositados_rechazados_tend1	1.18906932565476e-05	0.000221741680253293	1.83896208979652e-05
ctarjeta_visa_descuentos_lag2	1.14865886169489e-05	4.71524599303854e-05	2.02285829877617e-05
cforex_buy	1.12942943653682e-05	9.8812111227352e-05	9.1948104489826e-06
mtarjeta_master_descuentos_delta2	1.10537639807807e-05	2.00260594257255e-05	1.65506588081687e-05
mtarjeta_master_descuentos_lag1	1.1031125110381e-05	4.31179882129054e-05	2.39065071673547e-05
ctarjeta_master_debitos_automaticos_delta1	1.00557783996313e-05	6.20359691202643e-05	2.02285829877617e-05
mcheques_emitidos_rechazados_delta2	9.64950287398623e-06	8.81512772601735e-05	1.10337725387791e-05
Visa_cadelantosefectivo_delta1	9.5558442190272e-06	2.88106857092289e-05	1.83896208979652e-05
Visa_madelantopesos_delta2	9.35864016683932e-06	1.91704318826982e-05	3.12623555265408e-05
mcheques_emitidos_rechazados_lag1	9.31768071823875e-06	0.000226072088585641	1.28727346285756e-05
cseguro_vida_delta1	9.25061456572532e-06	0.000164370709982048	1.10337725387791e-05
cprestamos_hipotecarios_lag1	9.07106392165837e-06	0.000115169651822596	7.35584835918608e-06
Master_cadelantosefectivo_lag1	8.97083196765695e-06	3.74638301600825e-06	2.20675450775582e-05
Master_status_tend1	8.9276690476478e-06	3.59984080328462e-05	2.20675450775582e-05
minversion1_pesos_delta2	8.90501432281038e-06	9.85168481274394e-05	2.94233934367443e-05
Master_madelantopesos_lag1	8.63578082657839e-06	6.4608532701581e-06	1.83896208979652e-05
Master_madelantodolares_lag1	8.59934221733406e-06	1.17483849210267e-05	1.65506588081687e-05
ccheques_emitidos_rechazados_lag2	7.72375961700794e-06	5.66548774570759e-05	7.35584835918608e-06
ctarjeta_master_lag1	7.71125292928501e-06	2.22044117751646e-05	2.20675450775582e-05
tpaquete1_delta2	7.17263820272483e-06	0.000201737319722443	1.10337725387791e-05
cseguro_auto_delta2	7.14770588270817e-06	0.000253179249989176	9.1948104489826e-06
Master_madelantopesos_delta2	6.98211707671621e-06	1.50051518475241e-05	2.57454692571513e-05
cseguro_auto	6.78203910536974e-06	0.000133131768591569	1.47116967183722e-05
Master_cadelantosefectivo	6.77430248673276e-06	9.24507624710789e-06	3.31013176163373e-05
Master_cadelantosefectivo_delta2	6.72630192318469e-06	6.15162205573021e-06	1.28727346285756e-05
mcajeros_propios_descuentos_lag2	6.64620054281526e-06	5.3232103735636e-05	1.10337725387791e-05
Visa_Finiciomora_delta2	6.21607483556696e-06	0.000245130277736814	1.28727346285756e-05
cforex_buy_lag1	5.90948367601486e-06	8.27634797306873e-05	5.51688626938956e-06
tpaquete1_lag1	5.2795088747821e-06	0.000292399782853191	1.10337725387791e-05
ccheques_emitidos_rechazados	5.21360804448163e-06	7.5716229200215e-05	5.51688626938956e-06
Visa_madelantodolares_delta1	5.17403575678264e-06	4.33974969195071e-06	1.83896208979652e-05
Master_madelantodolares	4.85233057435069e-06	2.84560068769229e-06	1.28727346285756e-05
ccheques_depositados_rechazados_lag1	4.76143988000661e-06	6.6809169611075e-06	3.67792417959304e-06
Master_cadelantosefectivo_delta1	4.49745022254313e-06	2.65048633336151e-06	1.83896208979652e-05
cseguro_accidentes_personales_delta1	4.34127309837863e-06	4.83609507436642e-05	5.51688626938956e-06
cinversion1_lag1	3.74665496301067e-06	1.09749847691086e-05	3.67792417959304e-06
mcheques_emitidos_rechazados	3.62905245953601e-06	1.58077474086075e-05	5.51688626938956e-06
cprestamos_prendarios_lag2	3.52443727805887e-06	3.94546232359978e-05	3.67792417959304e-06
cseguro_vivienda_delta1	3.36358917067725e-06	4.67250707661264e-05	5.51688626938956e-06
cprestamos_prendarios_lag1	3.25834921632462e-06	5.52727954847886e-05	1.83896208979652e-06
cinversion1_lag2	2.96288309243407e-06	3.04886164466075e-05	3.67792417959304e-06
cinversion1_delta1	2.83896083595931e-06	9.46566118006645e-05	7.35584835918608e-06
ccheques_depositados_rechazados_delta1	2.83500100558713e-06	2.6192733076552e-05	5.51688626938956e-06
mcajeros_propios_descuentos_delta2	2.53114925302849e-06	7.35152408916137e-05	7.35584835918608e-06
Master_madelantopesos_tend1	2.32145224735422e-06	6.09850222400936e-06	3.67792417959304e-06
tpaquete1_tend1	2.27602462513559e-06	0.000122603412087844	5.51688626938956e-06
ccuenta_corriente_tend1	2.08216102738683e-06	2.79186590753366e-06	3.67792417959304e-06
mprestamos_hipotecarios_delta2	1.96555955482218e-06	4.55999201077965e-05	3.67792417959304e-06
minversion1_dolares_tend1	1.8238907991069e-06	9.77954257601434e-05	5.51688626938956e-06
Master_cadelantosefectivo_tend1	1.7730309650785e-06	1.02045715096026e-05	3.67792417959304e-06
cinversion1_delta2	1.70564856354673e-06	5.06277092518493e-05	3.67792417959304e-06
mplazo_fijo_pesos_tend1	1.68997017538842e-06	0.000112441213453931	3.67792417959304e-06
mcajeros_propios_descuentos_lag1	1.45160823574383e-06	5.93835208085537e-06	3.67792417959304e-06
Master_madelantopesos_delta1	1.43467122873468e-06	3.92574297702821e-06	2.20675450775582e-05
Visa_madelantodolares_delta2	1.36279594479942e-06	9.23066888370841e-07	7.35584835918608e-06
mtarjeta_master_descuentos	1.33029530169695e-06	2.34524642712742e-05	9.1948104489826e-06
mprestamos_hipotecarios_delta1	1.14581454469365e-06	7.22740113948377e-07	3.67792417959304e-06
ccheques_emitidos_rechazados_lag1	9.27737638600262e-07	3.43925726789828e-05	1.83896208979652e-06
cseguro_vivienda_delta2	7.18859004103326e-07	1.03901102382594e-05	3.67792417959304e-06
cforex_buy_lag2	7.1389383086814e-07	7.8738290806292e-06	3.67792417959304e-06
mvr_madelantopesos	5.62265109443969e-07	2.15993025123864e-05	1.83896208979652e-06
cseguro_vida_delta2	1.80137533443914e-07	5.75621021023591e-07	1.83896208979652e-06
Master_madelantodolares_delta1	9.45651664806499e-08	3.78837520933112e-07	3.67792417959304e-06
Master_madelantodolares_delta2	5.26187022998709e-14	4.62206959141087e-07	3.67792417959304e-06
