Feature	Gain	Cover	Frequency
mcaja_ahorro	0.100652438105202	0.0230822296216703	0.0166244012397859
mpayroll	0.0657226275038945	0.0388363211101188	0.0166244012397859
ctrx_quarter_lag1	0.0423011420811972	0.0160341170170252	0.0132431670893209
ctrx_quarter	0.0383131300713334	0.0101332548215262	0.00732600732600733
ctarjeta_visa_transacciones	0.0284232688925219	0.0119182856495312	0.00873485488870104
Visa_mpagospesos_lag1	0.0234727212907724	0.00990281747220669	0.0143702451394759
Visa_madelantopesos	0.0219952604679092	0.00126162606602487	0.000986193293885602
ccomisiones_otras	0.0171890227452218	0.00997140789670742	0.00873485488870104
Visa_cadelantosefectivo	0.0168474715699758	0.001300426739972	0.000422654268808115
mrentabilidad_lag1	0.0166044496545968	0.0162122997530689	0.0156382079459003
active_quarter_lag1	0.016505291175943	0.000959594651073411	0.000563539025077487
mactivos_margen_lag1	0.0156553467072873	0.0192481535303483	0.0118343195266272
mprestamos_personales	0.0150712690285231	0.0160483140609165	0.00464919695688927
Visa_cconsumos	0.0148786317004706	0.00253680910688504	0.00338123415046492
cpayroll_trx_lag1	0.0146990036607542	0.00798897977182581	0.00211327134404057
ccomisiones_mantenimiento_delta1	0.0136989918779268	0.0135619236619174	0.00450831220061989
mactivos_margen	0.0135800924897562	0.00941290237215275	0.00521273598196675
mautoservicio_delta1	0.0130292164061301	0.00501424166138797	0.00450831220061989
Visa_msaldototal_lag1	0.0126500125130433	0.009486947433926	0.0160608622147084
Visa_mpagospesos	0.0119550159812732	0.00406193443068895	0.00507185122569738
mextraccion_autoservicio_lag1	0.0119420600578349	0.00279395138613698	0.00267681036911806
cproductos	0.0102628393449267	0.0104725632338427	0.00901662440123978
mautoservicio	0.0093491958057967	0.0104959273155315	0.00915750915750916
mcomisiones_otras_lag1	0.00905172396552923	0.0129457463542713	0.0156382079459003
mcuenta_debitos_automaticos	0.00882608322151825	0.016748371637782	0.00986193293885602
Master_fechaalta	0.00866506769151243	0.0164971898064713	0.019723865877712
Visa_mconsumototal	0.00843643499263394	0.00832517526292835	0.0123978585517047
ctarjeta_debito_transacciones	0.00768840974779289	0.00239109816685409	0.00225415610030995
cpayroll_trx	0.00745641490317695	0.00797928194505509	0.00169061707523246
chomebanking_transacciones_lag1	0.007106385366268	0.0065244486927545	0.0064806987883911
mpagomiscuentas	0.00674536409753488	0.00650001054396684	0.00281769512538743
ctarjeta_debito_transacciones_lag1	0.00645121019251024	0.00322977596752511	0.00408565793181178
mprestamos_personales_lag1	0.00622557578183377	0.00592175966960597	0.00225415610030995
mcomisiones_mantenimiento_delta1	0.00599989345735396	0.00249704052363369	0.000986193293885602
Visa_status	0.00586781343387226	0.00794196748023315	0.00225415610030995
ctarjeta_visa_transacciones_delta1	0.00562821582472176	0.011744514706542	0.0064806987883911
cprestamos_personales_lag1	0.00547160755975025	0.0032176614897819	0.00140884756269372
mpayroll_lag1	0.00521812540020947	0.00602237228063617	0.0029585798816568
mcaja_ahorro_delta1	0.0049660447871997	0.00970321271765884	0.0064806987883911
mpayroll_delta1	0.00476927732377894	0.0138511443288842	0.00817131586362356
ctrx_quarter_delta1	0.00473434037150844	0.0101219240380906	0.00521273598196675
Visa_mpagominimo	0.00469625275003296	0.00428666423740165	0.0019723865877712
mtransferencias_emitidas_lag1	0.00466928486809886	0.0036684917876736	0.00535362073823612
cprestamos_personales	0.00448154128967012	0.00208612555653302	0.00140884756269372
Visa_mpagominimo_lag1	0.00445269754725247	0.00439666244639476	0.0054945054945055
catm_trx	0.00413469450048077	0.000886729814193698	0.000986193293885602
Visa_mconsumospesos_lag1	0.00407301536809059	0.00312214133060715	0.00450831220061989
mprestamos_personales_delta1	0.00406340645842089	0.0108681352773273	0.00394477317554241
thomebanking	0.00404129409682265	0.006437808320874	0.00225415610030995
mcomisiones_delta1	0.00397865671719335	0.00532965832533044	0.00605804451958298
matm	0.00395653274186055	0.00375302461510134	0.00436742744435052
mcomisiones	0.00392308190654902	0.00408205133277645	0.0064806987883911
cliente_edad	0.00392280089195328	0.00909480990732731	0.00986193293885602
canarito69	0.00391993806157662	0.00594799001175048	0.0115525500140885
cproductos_delta1	0.00375061200110398	0.0048323996037167	0.00140884756269372
Master_msaldototal	0.00368945159876928	0.00356216851174846	0.00464919695688927
ccomisiones_mantenimiento	0.00354030632463928	0.0028621577692041	0.00183150183150183
canarito51	0.00351710344881167	0.00857088060095003	0.0084530853761623
mactivos_margen_delta1	0.00343281545106275	0.00928170070482094	0.00380388841927303
tcallcenter	0.00342329471413151	0.00748292556469593	0.00281769512538743
canarito3	0.00307011535693348	0.0035410743334925	0.00803043110735418
canarito77	0.00300469113190588	0.00607678127268596	0.00873485488870104
canarito7	0.00295717144615912	0.00481148651816927	0.00873485488870104
canarito67	0.00292601074794936	0.00410073198234801	0.00803043110735418
canarito85	0.00291671192029551	0.00461029564127773	0.00887573964497041
ctarjeta_visa_debitos_automaticos_lag1	0.0028692447067699	0.00202833200420652	0.00338123415046492
mrentabilidad_delta1	0.00285550725632134	0.00144508234663254	0.00267681036911806
Master_msaldopesos	0.00283408458709133	0.0026639611665795	0.00253592561284869
canarito15	0.00278279310449978	0.00440379999694141	0.00732600732600733
Master_mconsumospesos	0.00277493074311882	0.000460962122705285	0.00126796280642435
canarito43	0.00275204439973702	0.00463929857523563	0.00732600732600733
Visa_mlimitecompra_lag1	0.00268003796335939	0.00499676621501458	0.00577627500704424
canarito81	0.00261849858563582	0.00357088906235073	0.00690335305719921
canarito17	0.00256746146012563	0.00482814704735426	0.00577627500704424
mttarjeta_visa_debitos_automaticos_delta1	0.00256315744043694	0.0057885378818876	0.00422654268808115
canarito57	0.00255850176458666	0.00626749375078725	0.00817131586362356
Visa_fechaalta_lag1	0.00255066319085725	0.00494395895674889	0.00760777683854607
canarito47	0.00253914200177253	0.00420800131156082	0.0064806987883911
ccallcenter_transacciones_delta1	0.00252628425018	0.00492222783172498	0.00126796280642435
canarito75	0.00252607521410321	0.00288443529464168	0.00662158354466047
canarito11	0.00252090575154601	0.00413860845902401	0.00676246830092984
canarito61	0.00244485812438493	0.00502222847429187	0.00873485488870104
Visa_msaldototal	0.00240700317684704	0.00514765078639103	0.00408565793181178
chomebanking_transacciones	0.00239381950426788	0.00352528804496939	0.00366300366300366
canarito27	0.00237553629177388	0.0033371764328372	0.00591715976331361
mcomisiones_mantenimiento_lag1	0.00230542732412886	0.00389499505401468	0.00436742744435052
canarito31	0.00226316428463042	0.00374456633669764	0.00704423781346858
Visa_Fvencimiento_lag1	0.00225712334318703	0.00304488655668956	0.00507185122569738
canarito71	0.00224613613272851	0.00319945542799822	0.00633981403212172
canarito33	0.00224457632262015	0.00556991527065576	0.00507185122569738
mrentabilidad	0.00217891517698685	0.00311075122369807	0.00309946463792618
Master_Fvencimiento	0.00217222470005786	0.00219666704365173	0.00521273598196675
ctarjeta_visa_debitos_automaticos	0.00215365909114185	0.00119180233773327	0.0019723865877712
cplazo_fijo_lag1	0.00211734038306859	0.00765786424342642	0.0019723865877712
mcomisiones_otras	0.00211381171072864	0.00197729820556921	0.00366300366300366
canarito19	0.00209593926605912	0.00503307842536343	0.00633981403212172
tmobile_app_delta1	0.00209276002704037	0.0104783144884826	0.00211327134404057
Master_mlimitecompra	0.00209134477974965	0.00216758293020379	0.00408565793181178
tcallcenter_delta1	0.00207412937334049	0.00405332003788135	0.00140884756269372
canarito37	0.00205155099183098	0.00415693004546657	0.00662158354466047
canarito35	0.00204873798102377	0.00311357064983264	0.00619892927585235
canarito49	0.00202472597464245	0.00384475119426114	0.00619892927585235
Visa_fechaalta	0.00195515199036187	0.00244242858285882	0.00394477317554241
canarito23	0.0019526693302466	0.00294984410759078	0.00577627500704424
canarito60	0.0019206169940397	0.00325172877500256	0.00521273598196675
Visa_cconsumos_lag1	0.00187838871252973	0.00349180462761934	0.00718512256973795
canarito73	0.00187582419398705	0.00445296354501991	0.00577627500704424
canarito87	0.00187271242408866	0.00309636684252205	0.00605804451958298
canarito59	0.00184264065737458	0.00448461730155616	0.00633981403212172
canarito89	0.00183184440524959	0.00275051099210573	0.00563539025077487
Visa_mconsumototal_delta1	0.00178111521726983	0.00278085963222531	0.00394477317554241
canarito52	0.00177208012089997	0.00254424015251103	0.00479008171315864
ctransferencias_emitidas_delta1	0.00177089998848361	0.00583632137863556	0.00309946463792618
ctransferencias_emitidas	0.00173741883750982	0.00250023150204955	0.00352211890673429
Visa_mpagominimo_delta1	0.00171246127276173	0.00344065218203507	0.00309946463792618
Master_mlimitecompra_lag1	0.00168873456132784	0.00268119307448279	0.00535362073823612
canarito62	0.00168329196663947	0.00370264649696044	0.00450831220061989
cliente_edad_lag1	0.00166629199491584	0.00264256724866803	0.00324034939419555
canarito79	0.0016403473151816	0.00310118141073855	0.00521273598196675
canarito50	0.00162600318932436	0.00297686751090714	0.00394477317554241
canarito63	0.00159531904821333	0.00432168069819807	0.00605804451958298
ctarjeta_visa_transacciones_lag1	0.00158973537919998	0.00338312402419521	0.00309946463792618
Visa_status_delta1	0.0015771090426903	0.00300740973288757	0.00084530853761623
canarito54	0.00156952887617799	0.00267768050039487	0.00450831220061989
ctarjeta_master_transacciones	0.00156949231717082	0.00251251770563706	0.00183150183150183
ccuenta_debitos_automaticos	0.00156203726803487	0.00119254544229587	0.00140884756269372
Master_Fvencimiento_lag1	0.00154757912229126	0.00133649853413883	0.00324034939419555
canarito86	0.00154587152808684	0.0022248894055901	0.00366300366300366
canarito76	0.00151081725896492	0.00397027029729072	0.00380388841927303
canarito90	0.00147759427318482	0.00192000421933522	0.00493096646942801
ccajas_consultas_delta1	0.00144474344715376	0.00516468286785732	0.000986193293885602
canarito82	0.00143623942384282	0.00150098691467176	0.00380388841927303
Visa_Fvencimiento	0.00143531975250108	0.000453140791069527	0.00084530853761623
canarito38	0.00142428291680951	0.00241894585422308	0.00380388841927303
Visa_mconsumospesos	0.00141506521121434	0.00256843788511667	0.00366300366300366
canarito55	0.00139119471319055	0.00237356964158337	0.00479008171315864
canarito83	0.00138089368724807	0.00148767035601846	0.00422654268808115
mtransferencias_emitidas_delta1	0.00137376521678707	0.00350688840132487	0.00225415610030995
canarito88	0.0013655456257905	0.00258251315977296	0.00464919695688927
canarito5	0.00135885526666077	0.00214564885645481	0.00394477317554241
canarito84	0.00133259468516873	0.00247050419725752	0.00380388841927303
Master_mpagominimo	0.00132700293198286	0.00255314491810991	0.00338123415046492
ccallcenter_transacciones_lag1	0.00132158580863443	0.00279783239021812	0.00154973231896309
chomebanking_transacciones_delta1	0.0013017487574517	0.00325059538443019	0.00324034939419555
thomebanking_lag1	0.00129745445810102	0.00108170109323358	0.00126796280642435
canarito30	0.001295193808874	0.00182176142495633	0.00309946463792618
Master_fechaalta_lag1	0.00128439105478336	0.00115025405027737	0.00211327134404057
ctransferencias_recibidas_lag1	0.00128262207093804	0.00223251091078886	0.00309946463792618
canarito42	0.00128241569103257	0.00183077547063794	0.00338123415046492
Master_status_delta1	0.00126838760576837	0.00198074521160749	0.000704423781346858
canarito45	0.00126246223160082	0.00197996463958795	0.00450831220061989
ccaja_ahorro_lag1	0.0012183956701044	0.0038586297647685	0.00169061707523246
canarito18	0.00119425371291086	0.00170772921976625	0.00352211890673429
mcomisiones_otras_delta1	0.00119406017511836	0.00122457699568958	0.00154973231896309
Visa_msaldototal_delta1	0.00118977595808996	0.00131398683709539	0.00225415610030995
canarito80	0.00116149250033105	0.00222232912936602	0.00408565793181178
Visa_mconsumosdolares	0.00115639553040498	0.00165706697341024	0.0029585798816568
canarito44	0.00115467673467494	0.00200671952612959	0.00366300366300366
canarito9	0.00115135356174311	0.00261826023597966	0.00422654268808115
Visa_mpagospesos_delta1	0.00114561184106211	0.00178591443553112	0.00253592561284869
mcaja_ahorro_lag1	0.00113254584456068	0.00197786333971136	0.00281769512538743
canarito41	0.00112229110634894	0.00183501866013614	0.00338123415046492
canarito65	0.00111328881451455	0.00201149662688915	0.00352211890673429
canarito72	0.00107660383186292	0.00136595107757999	0.00324034939419555
cplazo_fijo	0.00105202278488722	0.00366580037535023	0.000704423781346858
canarito21	0.00103643639068904	0.0014214559927452	0.0029585798816568
Master_msaldopesos_lag1	0.00103398185970008	0.00187341031434503	0.00281769512538743
canarito26	0.00102758495490055	0.00255125593382263	0.00211327134404057
canarito25	0.00102422386607929	0.00194074557903835	0.00324034939419555
numero_de_cliente	0.0010150216294849	0.00197228381091571	0.00239504085657932
canarito74	0.00100895290749152	0.00183483132285145	0.00267681036911806
canarito39	0.00100588426050118	0.00206751671958726	0.00380388841927303
mdescubierto_preacordado	0.00100509638915136	0.00262772076885645	0.000986193293885602
Visa_mconsumospesos_delta1	0.000999314660031882	0.0010414360661778	0.0019723865877712
ctarjeta_visa_debitos_automaticos_delta1	0.000996065558896802	0.00287574284463212	0.000704423781346858
mcomisiones_mantenimiento	0.000985339634732298	0.00242341697075099	0.00126796280642435
canarito78	0.000966360157211547	0.00133260504090538	0.00281769512538743
mtransferencias_emitidas	0.000960722754560092	0.00165914017269413	0.00225415610030995
canarito1	0.000954977286571259	0.000803314765897927	0.00239504085657932
cmobile_app_trx	0.000949450543894431	0.00183905890090926	0.00154973231896309
Visa_mconsumototal_lag1	0.000943473401872405	0.00220746391582596	0.0029585798816568
canarito12	0.000942324674686306	0.00145637254032312	0.0029585798816568
canarito20	0.000931528663174827	0.0015028384315021	0.00225415610030995
canarito64	0.000914014350473909	0.00147053836133367	0.00352211890673429
canarito2	0.000914002894952687	0.00115498431671576	0.00225415610030995
canarito56	0.000912928234170917	0.00222589790463934	0.00309946463792618
canarito48	0.00089652271194524	0.0031618256120804	0.00281769512538743
ccomisiones_mantenimiento_lag1	0.000891703616096499	0.00096005050513282	0.00140884756269372
canarito70	0.000889799741503597	0.00191984186035515	0.00281769512538743
mttarjeta_visa_debitos_automaticos	0.000889638661058572	0.0018364674018044	0.00267681036911806
canarito53	0.000887643780064895	0.00211882527957545	0.00366300366300366
ccallcenter_transacciones	0.000885642863100874	0.0026144260662197	0.000704423781346858
cprestamos_personales_delta1	0.000881548657068297	0.00303201336294337	0.000704423781346858
canarito58	0.00087897710789452	0.00158195408911426	0.00239504085657932
ccajas_transacciones	0.000878899108906357	0.00427161480886498	0.00154973231896309
canarito68	0.000878279728796603	0.00195636014171716	0.00267681036911806
canarito22	0.000863918212944965	0.00135131379106963	0.00267681036911806
ccomisiones_otras_lag1	0.000857321479637307	0.00193765763612906	0.00225415610030995
canarito13	0.000854837781819568	0.00126076743680338	0.00253592561284869
mpagomiscuentas_lag1	0.000847175031627754	0.00239703675877872	0.00140884756269372
ccajas_transacciones_delta1	0.000814264309390761	0.00400356949964416	0.00084530853761623
canarito29	0.000811512870838513	0.0014855784230061	0.00324034939419555
Master_status	0.000795498058569815	0.00267278163040026	0.00084530853761623
canarito14	0.000791433889086507	0.00141065599828289	0.00211327134404057
mcuenta_debitos_automaticos_delta1	0.00078795735190194	0.00559969253205705	0.00169061707523246
tmobile_app	0.00078726858649602	0.00436364737225644	0.000986193293885602
ccuenta_debitos_automaticos_lag1	0.000760422100999344	0.000571219481608883	0.00154973231896309
ctransferencias_recibidas	0.000753520825521842	0.000602404894933414	0.00126796280642435
mcomisiones_lag1	0.0007458836962542	0.00118247606324384	0.00211327134404057
canarito66	0.00070982432290084	0.00104219478218078	0.00211327134404057
canarito24	0.000708116647097694	0.00107219372603562	0.00225415610030995
Visa_cconsumos_delta1	0.000678340918208217	0.00129142206115462	0.00169061707523246
mcuenta_debitos_automaticos_lag1	0.000663687322148963	0.00355971751560712	0.00225415610030995
canarito40	0.000661680125489855	0.00131552300282984	0.00169061707523246
canarito8	0.000656634565209266	0.00122438653611681	0.00211327134404057
ctarjeta_master_delta1	0.000653801443398379	0.00220758256277293	0.000422654268808115
cmobile_app_trx_lag1	0.000625835322639586	0.000765319642274959	0.00126796280642435
mautoservicio_lag1	0.000611502929112805	0.00110989847686732	0.00239504085657932
canarito46	0.00059348732277298	0.000803071227427832	0.0019723865877712
canarito28	0.000588612453522535	0.00231365605565181	0.00169061707523246
ccaja_seguridad	0.000574795825189486	0.00307679634084822	0.00084530853761623
canarito4	0.000574177826974681	0.00251410070569268	0.00183150183150183
ctarjeta_debito_transacciones_delta1	0.000556742420827598	0.00291730362124033	0.00084530853761623
Master_msaldototal_delta1	0.000536968123870566	0.000997911370368428	0.00154973231896309
cproductos_lag1	0.000501436721322223	0.00120220267932158	0.000986193293885602
ccaja_ahorro	0.000488231070191406	0.00212464210226504	0.000704423781346858
canarito6	0.000486915827457876	0.00160058478207656	0.00169061707523246
canarito16	0.000481200313909729	0.000641083799645497	0.00140884756269372
Visa_mlimitecompra	0.00047627476715491	0.00159511453336365	0.00126796280642435
cextraccion_autoservicio	0.000464446012765769	0.00095502986590316	0.00169061707523246
canarito34	0.000430231886894207	0.000946087632847347	0.00183150183150183
tcallcenter_lag1	0.000416375000744296	0.00132002221995045	0.000704423781346858
Visa_mpagado	0.000408490429015913	0.00151063790712131	0.00154973231896309
Master_mpagospesos	0.000402550268706409	0.000517347523108538	0.00126796280642435
mttarjeta_visa_debitos_automaticos_lag1	0.000395469480912762	0.000931787553449435	0.00126796280642435
Visa_mconsumosdolares_lag1	0.00038658031537818	0.000220727033396512	0.000704423781346858
ccomisiones_otras_delta1	0.000363205621013375	0.00103287162997944	0.00112707805015497
canarito10	0.000352815132929516	0.00128128711405296	0.00140884756269372
Master_fultimo_cierre	0.000342063448384252	0.000570698059499833	0.00084530853761623
mpagomiscuentas_delta1	0.000336075799713714	0.00164581736946468	0.000563539025077487
ccaja_seguridad_lag1	0.000329958163687672	0.0012148573129023	0.000422654268808115
Master_mconsumosdolares	0.000322443530027605	0.000560716104513998	0.00140884756269372
canarito36	0.000320979665219549	0.000594592930161891	0.000986193293885602
canarito32	0.000306685199304173	0.000311563760454037	0.000986193293885602
Master_mlimitecompra_delta1	0.000303350393417464	0.000925892673557894	0.000704423781346858
ctransferencias_recibidas_delta1	0.000291617865197303	0.000524756712717981	0.000704423781346858
ctarjeta_master	0.000281457046410316	0.000168222637074395	0.000281769512538743
catm_trx_lag1	0.000249333657624869	0.000518755675031782	0.000986193293885602
Visa_madelantopesos_lag1	0.000236363350986926	5.1611421931767e-05	0.000140884756269372
ccajas_consultas	0.000228303153412896	0.000659186825922592	0.000140884756269372
Visa_mpagosdolares	0.000226818148718461	0.000573598665124431	0.00084530853761623
Visa_mconsumosdolares_delta1	0.000224172826568953	0.000620308094773508	0.000986193293885602
Master_cconsumos_delta1	0.000221878271015598	0.000401182795161085	0.000704423781346858
Visa_msaldodolares	0.000221326086450392	0.000574026418591137	0.000563539025077487
Master_mpagospesos_delta1	0.00021468528822367	0.000988791166892161	0.00126796280642435
thomebanking_delta1	0.000204747106762988	0.00142079718996071	0.000704423781346858
matm_delta1	0.000204231885810961	0.000898438394486749	0.00084530853761623
cseguro_accidentes_personales_lag1	0.00019917746663861	0.0011272615208699	0.000422654268808115
ctarjeta_debito	0.000196519987550262	0.000245739683190546	0.000422654268808115
Master_cconsumos	0.000163231601633478	0.000614928392414861	0.00084530853761623
Master_mconsumototal_lag1	0.000156094442153689	0.000489808942259283	0.000986193293885602
Visa_mpagado_delta1	0.000141937596164902	0.000696170328208241	0.000563539025077487
Master_mconsumospesos_lag1	0.00013672143995484	0.000133434103307683	0.000422654268808115
tmobile_app_lag1	0.00013207370926672	0.00052066339304753	0.000281769512538743
Visa_mpagado_lag1	0.000130030871691681	0.000312453612556309	0.000281769512538743
Master_mconsumosdolares_delta1	0.000121550478301284	0.000360511870655145	0.000563539025077487
Visa_mpagosdolares_delta1	0.000117946543294634	0.000683006761670774	0.00084530853761623
mdescubierto_preacordado_lag1	0.000104092151672927	0.00020428506437699	0.000140884756269372
matm_lag1	0.000102998456947566	0.000200788101729466	0.000422654268808115
Master_delinquency	0.00010127428823652	0.000201122186553828	0.000281769512538743
catm_trx_other_lag1	9.61488927029408e-05	0.000320530971814475	0.000140884756269372
ccuenta_debitos_automaticos_delta1	9.47690171752276e-05	0.000745002913750457	0.000140884756269372
cforex_sell_lag1	9.19811315839709e-05	0.000339448915279966	0.000422654268808115
cpayroll_trx_delta1	9.06249723564535e-05	0.000560956520696015	0.000563539025077487
matm_other	8.81717168414521e-05	0.000567759986418297	0.000281769512538743
cextraccion_autoservicio_delta1	8.24214980421819e-05	0.000252849133144486	0.000563539025077487
ctransferencias_emitidas_lag1	8.12811677152666e-05	0.000442902808461283	0.000563539025077487
Master_madelantopesos_lag1	8.05482966943482e-05	0.000424990241756955	0.000140884756269372
Master_Fvencimiento_delta1	7.9520486202407e-05	7.16783674100166e-05	0.000140884756269372
Master_mpagosdolares_delta1	7.85527746388171e-05	0.000113132986223572	0.000140884756269372
Visa_delinquency_delta1	7.70763965847911e-05	0.000174167473575186	0.000281769512538743
Master_cadelantosefectivo_delta1	7.52470893703688e-05	4.01932144299841e-05	0.000140884756269372
Master_mconsumototal	7.13487202770935e-05	9.9969419686105e-05	0.000281769512538743
cextraccion_autoservicio_lag1	6.94564001977066e-05	0.00096171780696655	0.000704423781346858
Visa_madelantodolares_lag1	6.74909650411582e-05	3.12946934072656e-05	0.000140884756269372
cseguro_accidentes_personales	6.65678780002839e-05	0.000226141080924018	0.000140884756269372
ctarjeta_visa	6.54415244268711e-05	0.000359671975162123	0.000140884756269372
Visa_mlimitecompra_delta1	6.40762638764986e-05	0.00012993401837208	0.000140884756269372
tcuentas_lag1	6.2681355398121e-05	0.000555795378502838	0.000140884756269372
mextraccion_autoservicio	6.16799359072158e-05	0.000322151439327033	0.000563539025077487
Master_msaldototal_lag1	5.57494286740138e-05	0.000117338708264836	0.000281769512538743
Master_mpagominimo_delta1	4.91820377950914e-05	0.000170648654911115	0.000281769512538743
Visa_madelantodolares	4.7667049161769e-05	4.86920825786997e-05	0.000140884756269372
Master_fultimo_cierre_lag1	4.6880813161932e-05	8.28905038986419e-05	0.000140884756269372
cmobile_app_trx_delta1	4.47686436747851e-05	0.000344541367135424	0.000140884756269372
Master_mpagado_delta1	4.32820346669877e-05	0.000196866507903314	0.000140884756269372
Master_msaldodolares_delta1	4.09722718133137e-05	0.000100453374338218	0.000140884756269372
ctarjeta_master_transacciones_delta1	3.97729137981396e-05	0.000151352914588167	0.000140884756269372
mttarjeta_master_debitos_automaticos_lag1	3.9542652763752e-05	0.000133637052032762	0.000140884756269372
Master_mpagospesos_lag1	3.91892944762495e-05	0.000150531752823615	0.000281769512538743
Visa_status_lag1	3.86441697930217e-05	0.000352809185966357	0.000140884756269372
Visa_fechaalta_delta1	3.71575443480711e-05	4.15795103366813e-05	0.000140884756269372
Visa_cadelantosefectivo_lag1	3.68445292919224e-05	0.00012835101831646	0.000140884756269372
Visa_delinquency_lag1	3.17696333892383e-05	0.000342749173778568	0.000140884756269372
Master_msaldopesos_delta1	3.08469103138987e-05	0.000134064805499468	0.000140884756269372
Master_mconsumototal_delta1	3.03907746168574e-05	0.000174460968654532	0.000281769512538743
catm_trx_delta1	2.96289947527857e-05	0.000115221796947852	0.000140884756269372
Master_mpagado_lag1	2.73432113574349e-05	3.01456913945076e-05	0.000140884756269372
Master_mconsumospesos_delta1	2.60377726519743e-05	9.22854687257857e-05	0.000140884756269372
ctarjeta_debito_lag1	2.20215139479358e-05	3.77203622720918e-05	0.000140884756269372
Master_mpagosdolares	2.17694455076093e-05	7.34705607668729e-05	0.000140884756269372
Visa_mpagosdolares_lag1	1.76783173158593e-05	8.03739397076556e-05	0.000281769512538743
Master_mpagominimo_lag1	1.5404039797079e-05	0.000241437170218859	0.000281769512538743
mforex_sell_lag1	1.47701722446815e-05	0.000262943490501135	0.000140884756269372
matm_other_lag1	1.38949669245377e-05	0.000206992088140744	0.000281769512538743
Master_status_lag1	1.12688331937812e-05	0.000209995729271921	0.000140884756269372
ccajas_extracciones_lag1	2.38438297953658e-06	0.000140837048340969	0.000140884756269372
ccajas_transacciones_lag1	2.17824141279468e-06	0.00021287760116805	0.000140884756269372
ctarjeta_master_transacciones_lag1	2.08707974254502e-06	0.000106819719729559	0.000422654268808115
mttarjeta_master_debitos_automaticos	1.20815229571558e-06	0.000232841511139721	0.000281769512538743
Visa_msaldodolares_lag1	4.56231971795627e-07	6.71510496967038e-05	0.000140884756269372
Visa_madelantopesos_delta1	9.48304624664845e-10	0.000129796637696642	0.000140884756269372
Visa_madelantodolares_delta1	2.07194366059033e-10	6.95239886360953e-05	0.000140884756269372
Master_madelantopesos_delta1	3.11797473844253e-11	7.31271090782768e-05	0.000281769512538743
