fecha	objective	metric	first_metric_only	boost_from_average	feature_pre_filter	verbosity	seed	max_depth	min_gain_to_split	lambda_l1	lambda_l2	max_bin	num_iterations	force_row_wise	learning_rate	feature_fraction	min_data_in_leaf	num_leaves	prob_corte	iteracion_bayesiana	ganancia
20210928 201143	binary	custom	TRUE	TRUE	FALSE	-100	999983	-1	0	0	0	31	115	TRUE	0.0483107285019942	0.26492191607249	4408	475	0.0460669391746051	1	13293750
20210928 201334	binary	custom	TRUE	TRUE	FALSE	-100	999983	-1	0	0	0	31	218	TRUE	0.0346500278408639	0.182394258173881	3198	771	0.047523154679744	2	13477500
20210928 201451	binary	custom	TRUE	TRUE	FALSE	-100	999983	-1	0	0	0	31	116	TRUE	0.0424452071622945	0.27627150495653	4712	341	0.0433667190781562	3	13500000
20210928 201610	binary	custom	TRUE	TRUE	FALSE	-100	999983	-1	0	0	0	31	124	TRUE	0.0398280390924774	0.355138189067366	2275	465	0.0530888188985409	4	13335000
20210928 201806	binary	custom	TRUE	TRUE	FALSE	-100	999983	-1	0	0	0	31	201	TRUE	0.053959105853457	0.291686289316276	3953	574	0.0417171447042492	5	13787500
20210928 201952	binary	custom	TRUE	TRUE	FALSE	-100	999983	-1	0	0	0	31	328	TRUE	0.0365736140878871	0.164449036510196	5588	299	0.0491153163113631	6	13315000
20210928 202124	binary	custom	TRUE	TRUE	FALSE	-100	999983	-1	0	0	0	31	193	TRUE	0.0333532960661687	0.299337915747892	5088	740	0.0488706935486989	7	12995000
20210928 202251	binary	custom	TRUE	TRUE	FALSE	-100	999983	-1	0	0	0	31	132	TRUE	0.0316849457351491	0.321217698523542	1244	673	0.0474416170461336	8	13361250
20210928 202406	binary	custom	TRUE	TRUE	FALSE	-100	999983	-1	0	0	0	31	184	TRUE	0.0442879744502716	0.224189823762281	7831	529	0.054090121059271	9	12482500
20210928 202505	binary	custom	TRUE	TRUE	FALSE	-100	999983	-1	0	0	0	31	96	TRUE	0.0577957509113476	0.341040285448544	5471	180	0.0504851853252621	10	12832500
20210928 202713	binary	custom	TRUE	TRUE	FALSE	-100	999983	-1	0	0	0	31	417	TRUE	0.0231744206990115	0.125227106916718	2754	206	0.0438645121238078	11	13720000
20210928 202845	binary	custom	TRUE	TRUE	FALSE	-100	999983	-1	0	0	0	31	287	TRUE	0.0216586972270161	0.103324669110589	2405	974	0.0511482581809978	12	13250000
20210928 202944	binary	custom	TRUE	TRUE	FALSE	-100	999983	-1	0	0	0	31	138	TRUE	0.0594081253842451	0.19658948410186	6196	921	0.0446484289871878	13	13728750
20210928 203056	binary	custom	TRUE	TRUE	FALSE	-100	999983	-1	0	0	0	31	177	TRUE	0.0401762579502538	0.140134461423149	1664	994	0.0411968639789266	14	13475000
20210928 203309	binary	custom	TRUE	TRUE	FALSE	-100	999983	-1	0	0	0	31	294	TRUE	0.0289271343848668	0.375971032661619	6830	114	0.0518331043735961	15	13157500
20210928 203520	binary	custom	TRUE	TRUE	FALSE	-100	999983	-1	0	0	0	31	350	TRUE	0.0263651003772393	0.235447864155285	7328	387	0.0428906540223979	16	13311250
20210928 203644	binary	custom	TRUE	TRUE	FALSE	-100	999983	-1	0	0	0	31	162	TRUE	0.0556855375762098	0.336191263073124	3583	863	0.0523792913666111	17	13138750
20210928 203750	binary	custom	TRUE	TRUE	FALSE	-100	999983	-1	0	0	0	31	122	TRUE	0.0467865033857524	0.213396962489933	1787	273	0.0454793484100373	18	13727500
20210928 204008	binary	custom	TRUE	TRUE	FALSE	-100	999983	-1	0	0	0	31	445	TRUE	0.0257121565886773	0.156800286429934	6261	650	0.0542988838448073	19	13150000
20210928 204156	binary	custom	TRUE	TRUE	FALSE	-100	999983	-1	0	0	0	31	229	TRUE	0.0506769989323802	0.386838297832292	7099	831	0.0406916380445473	20	13417500
20210928 204253	binary	custom	TRUE	TRUE	FALSE	-100	999983	-1	0	0	0	31	102	TRUE	0.0599718399267006	0.201137298486414	1597	514	0.0425531904536751	21	13227500
20210928 204416	binary	custom	TRUE	TRUE	FALSE	-100	999983	-1	0	0	0	31	205	TRUE	0.0305991910939954	0.163339464424287	2389	193	0.0453830117702059	22	13212500
20210928 204539	binary	custom	TRUE	TRUE	FALSE	-100	999983	-1	0	0	0	31	155	TRUE	0.0490649191268161	0.333268592722947	3482	521	0.0546544127813855	23	12675000
20210928 204656	binary	custom	TRUE	TRUE	FALSE	-100	999983	-1	0	0	0	31	181	TRUE	0.0525447259755066	0.186320100844147	2700	515	0.0449752009483042	24	13751250
20210928 204822	binary	custom	TRUE	TRUE	FALSE	-100	999983	-1	0	0	0	31	207	TRUE	0.0483405578129844	0.222322284893205	4349	439	0.0446151608146565	25	13491250
20210928 204941	binary	custom	TRUE	TRUE	FALSE	-100	999983	-1	0	0	0	31	238	TRUE	0.0542217297581433	0.132768020587814	4042	984	0.0429714032905006	26	13728750
20210928 205042	binary	custom	TRUE	TRUE	FALSE	-100	999983	-1	0	0	0	31	123	TRUE	0.0509374689086176	0.176245629262527	1706	278	0.0419222315283198	27	12822500
20210928 205218	binary	custom	TRUE	TRUE	FALSE	-100	999983	-1	0	0	0	31	217	TRUE	0.0354465886411443	0.252643683010293	4539	791	0.045549360165277	28	13552500
20210928 205349	binary	custom	TRUE	TRUE	FALSE	-100	999983	-1	0	0	0	31	173	TRUE	0.0281563663257658	0.334848563054623	5939	431	0.0448493884110288	29	13046250
20210928 205504	binary	custom	TRUE	TRUE	FALSE	-100	999983	-1	0	0	0	31	122	TRUE	0.0477200895830244	0.383300558868609	4011	239	0.0431245096917544	30	13293750
20210928 205626	binary	custom	TRUE	TRUE	FALSE	-100	999983	-1	0	0	0	31	193	TRUE	0.0436859612611216	0.255371629025927	7393	858	0.047549371818325	31	13186250
20210928 205839	binary	custom	TRUE	TRUE	FALSE	-100	999983	-1	0	0	0	31	363	TRUE	0.0232295421812031	0.202746598414984	4938	579	0.0458615033447871	32	13278750
20210928 205944	binary	custom	TRUE	TRUE	FALSE	-100	999983	-1	0	0	0	31	181	TRUE	0.0472703868273646	0.100224199597677	1339	182	0.0402118482695625	33	13280000
20210928 210149	binary	custom	TRUE	TRUE	FALSE	-100	999983	-1	0	0	0	31	225	TRUE	0.0214774831080623	0.380860332728364	3430	332	0.0480075010812085	34	13281250
20210928 210349	binary	custom	TRUE	TRUE	FALSE	-100	999983	-1	0	0	0	31	379	TRUE	0.0353112850273028	0.169212742519868	7309	481	0.0531053164251405	35	12738750
20210928 210544	binary	custom	TRUE	TRUE	FALSE	-100	999983	-1	0	0	0	31	257	TRUE	0.0215582283482701	0.23783833198566	3526	634	0.0542453654172528	36	13182500
20210928 210744	binary	custom	TRUE	TRUE	FALSE	-100	999983	-1	0	0	0	31	326	TRUE	0.0214261863927543	0.178604903691565	3904	397	0.054838586672683	37	12955000
20210928 210946	binary	custom	TRUE	TRUE	FALSE	-100	999983	-1	0	0	0	31	374	TRUE	0.020793215559274	0.149174655795563	5809	582	0.0482131209870917	38	13151250
20210928 211134	binary	custom	TRUE	TRUE	FALSE	-100	999983	-1	0	0	0	31	157	TRUE	0.0520642284099385	0.32519857637086	2806	670	0.0405216156284232	39	13963750
20210928 211238	binary	custom	TRUE	TRUE	FALSE	-100	999983	-1	0	0	0	31	102	TRUE	0.0517358555371335	0.302389759214167	2733	690	0.0408192339872822	40	13763750
20210928 211340	binary	custom	TRUE	TRUE	FALSE	-100	999983	-1	0	0	0	31	97	TRUE	0.053138525159335	0.326219302513278	3675	708	0.0406529951564023	41	13418750
20210928 211429	binary	custom	TRUE	TRUE	FALSE	-100	999983	-1	0	0	0	31	122	TRUE	0.0431290055887587	0.113266044360586	4025	716	0.0495420128558797	42	12763750
20210928 211530	binary	custom	TRUE	TRUE	FALSE	-100	999983	-1	0	0	0	31	135	TRUE	0.0487054878046084	0.165035752647091	2835	165	0.041764620742338	43	13431250
20210928 211648	binary	custom	TRUE	TRUE	FALSE	-100	999983	-1	0	0	0	31	173	TRUE	0.0415162052139174	0.250959110533167	6337	176	0.0443813409575901	44	13272500
20210928 211815	binary	custom	TRUE	TRUE	FALSE	-100	999983	-1	0	0	0	31	167	TRUE	0.0389062884127814	0.319905800063117	4493	971	0.0510444244034973	45	12743750
20210928 211931	binary	custom	TRUE	TRUE	FALSE	-100	999983	-1	0	0	0	31	105	TRUE	0.0482902412765287	0.380585049841693	1966	327	0.0513221047390229	46	13147500
20210928 212035	binary	custom	TRUE	TRUE	FALSE	-100	999983	-1	0	0	0	31	105	TRUE	0.0507136843457445	0.34919594908217	5482	416	0.0459849967107456	47	13582500
20210928 212246	binary	custom	TRUE	TRUE	FALSE	-100	999983	-1	0	0	0	31	439	TRUE	0.024689241234893	0.10733393628723	2036	691	0.0472465832690126	48	13266250
20210928 212351	binary	custom	TRUE	TRUE	FALSE	-100	999983	-1	0	0	0	31	138	TRUE	0.0343156245138776	0.181202687871014	3728	806	0.0536480731945508	49	12852500
20210928 212508	binary	custom	TRUE	TRUE	FALSE	-100	999983	-1	0	0	0	31	148	TRUE	0.0575452237354498	0.362951068582083	7147	768	0.0462767185677786	50	13165000
20210928 212604	binary	custom	TRUE	TRUE	FALSE	-100	999983	-1	0	0	0	31	141	TRUE	0.0449140423418954	0.142139673411683	6752	781	0.0400089029454521	51	13151250
20210928 212820	binary	custom	TRUE	TRUE	FALSE	-100	999983	-1	0	0	0	31	312	TRUE	0.0248007475621998	0.253932834990462	2968	805	0.0424002336509712	52	13503750
20210928 212946	binary	custom	TRUE	TRUE	FALSE	-100	999983	-1	0	0	0	31	164	TRUE	0.0322401313572656	0.331597272007074	6604	340	0.0454429122604174	53	13110000
20210928 213050	binary	custom	TRUE	TRUE	FALSE	-100	999983	-1	0	0	0	31	138	TRUE	0.0426982588306908	0.16824641653928	2358	358	0.0500099814038002	54	12727500
20210928 213156	binary	custom	TRUE	TRUE	FALSE	-100	999983	-1	0	0	0	31	92	TRUE	0.0451989898534119	0.344411689389823	2412	524	0.043827748105498	55	13541250
20210928 213327	binary	custom	TRUE	TRUE	FALSE	-100	999983	-1	0	0	0	31	192	TRUE	0.0569477789729182	0.357932020959118	7762	268	0.0424417977528356	56	13155000
20210928 213452	binary	custom	TRUE	TRUE	FALSE	-100	999983	-1	0	0	0	31	184	TRUE	0.0303236232159566	0.204933976346417	2798	962	0.042635681317203	57	13421250
20210928 213647	binary	custom	TRUE	TRUE	FALSE	-100	999983	-1	0	0	0	31	332	TRUE	0.0329585188276786	0.184481219421653	5819	947	0.0460858680654853	58	13495000
20210928 213817	binary	custom	TRUE	TRUE	FALSE	-100	999983	-1	0	0	0	31	244	TRUE	0.0264336030343268	0.165521876247576	5845	292	0.0525000608042907	59	12793750
20210928 213907	binary	custom	TRUE	TRUE	FALSE	-100	999983	-1	0	0	0	31	51	TRUE	0.0592848337364849	0.28887075172253	1084	623	0.0512320512007026	60	12898750
20210928 214042	binary	custom	TRUE	TRUE	FALSE	-100	999983	-1	0	0	0	31	244	TRUE	0.0399562031990383	0.223599429848976	7897	865	0.0429763810968259	61	13180000
20210928 214205	binary	custom	TRUE	TRUE	FALSE	-100	999983	-1	0	0	0	31	181	TRUE	0.0426616546218377	0.134121307830885	4710	912	0.0428673832057486	62	13976250
20210928 214331	binary	custom	TRUE	TRUE	FALSE	-100	999983	-1	0	0	0	31	129	TRUE	0.0505543666269468	0.37648534000102	2286	617	0.0403647251550909	63	13256250
20210928 214432	binary	custom	TRUE	TRUE	FALSE	-100	999983	-1	0	0	0	31	113	TRUE	0.0455021619546134	0.231516344097955	5214	378	0.0450783754633379	64	13227500
20210928 214700	binary	custom	TRUE	TRUE	FALSE	-100	999983	-1	0	0	0	31	355	TRUE	0.0245414379593823	0.306255101090623	7856	144	0.0450942579448433	65	13025000
20210928 214810	binary	custom	TRUE	TRUE	FALSE	-100	999983	-1	0	0	0	31	114	TRUE	0.0555580552421231	0.388019923993736	6117	926	0.0475638737022155	66	13302500
20210928 214943	binary	custom	TRUE	TRUE	FALSE	-100	999983	-1	0	0	0	31	140	TRUE	0.0352774436873011	0.350821709502628	1661	605	0.0483159703241463	67	12981250
20210928 215055	binary	custom	TRUE	TRUE	FALSE	-100	999983	-1	0	0	0	31	130	TRUE	0.0537186924440227	0.273702089368948	3474	1009	0.0436442888854642	68	13426250
20210928 215217	binary	custom	TRUE	TRUE	FALSE	-100	999983	-1	0	0	0	31	185	TRUE	0.0403106564330589	0.228855523653096	3735	704	0.0444321747174102	69	13511250
20210928 215317	binary	custom	TRUE	TRUE	FALSE	-100	999983	-1	0	0	0	31	120	TRUE	0.0572020490901917	0.19858814532028	2499	201	0.0474082293068792	70	13207500
20210928 215417	binary	custom	TRUE	TRUE	FALSE	-100	999983	-1	0	0	0	31	87	TRUE	0.0539239807527047	0.379126087206556	5329	308	0.0439120284427947	71	13651250
20210928 215610	binary	custom	TRUE	TRUE	FALSE	-100	999983	-1	0	0	0	31	335	TRUE	0.030188247493403	0.171071035516704	5868	206	0.0422206550200353	72	13265000
20210928 215718	binary	custom	TRUE	TRUE	FALSE	-100	999983	-1	0	0	0	31	110	TRUE	0.0408674426675681	0.294047009907384	2993	337	0.0447670816573012	73	13476250
20210928 215909	binary	custom	TRUE	TRUE	FALSE	-100	999983	-1	0	0	0	31	305	TRUE	0.0317834640223253	0.176400647279853	3702	707	0.0546953027167125	74	13036250
20210928 220046	binary	custom	TRUE	TRUE	FALSE	-100	999983	-1	0	0	0	31	290	TRUE	0.0533632116582245	0.155110187766491	4552	698	0.0462201992469339	75	13248750
20210928 220225	binary	custom	TRUE	TRUE	FALSE	-100	999983	-1	0	0	0	31	339	TRUE	0.0211208445333503	0.105327674123412	4795	469	0.0429619938646827	76	13002500
20210928 220415	binary	custom	TRUE	TRUE	FALSE	-100	999983	-1	0	0	0	31	303	TRUE	0.0425504251965042	0.210987605964416	6242	573	0.0508132384002383	77	13118750
20210928 220521	binary	custom	TRUE	TRUE	FALSE	-100	999983	-1	0	0	0	31	127	TRUE	0.0493509975836705	0.23809476587039	3225	508	0.0490270321636088	78	13680000
20210928 220647	binary	custom	TRUE	TRUE	FALSE	-100	999983	-1	0	0	0	31	196	TRUE	0.0403266065078322	0.241672533096303	5277	167	0.053719036684616	79	13066250
20210928 220842	binary	custom	TRUE	TRUE	FALSE	-100	999983	-1	0	0	0	31	319	TRUE	0.0379027826575655	0.215355501608481	7402	573	0.0532023375775281	80	12968750
20210928 221018	binary	custom	TRUE	TRUE	FALSE	-100	999983	-1	0	0	0	31	146	TRUE	0.0301268367479183	0.358099686081358	1822	782	0.0417098442091944	81	13330000
20210928 221139	binary	custom	TRUE	TRUE	FALSE	-100	999983	-1	0	0	0	31	152	TRUE	0.0372957193118334	0.209850130977109	1223	417	0.0430518687206681	82	13658750
20210928 221239	binary	custom	TRUE	TRUE	FALSE	-100	999983	-1	0	0	0	31	80	TRUE	0.0475517750732321	0.380103207775741	3892	739	0.0434838292503881	83	13391250
20210928 221407	binary	custom	TRUE	TRUE	FALSE	-100	999983	-1	0	0	0	31	165	TRUE	0.0350702041136008	0.340760661939043	5830	122	0.0473739500901371	84	13035000
20210928 221511	binary	custom	TRUE	TRUE	FALSE	-100	999983	-1	0	0	0	31	185	TRUE	0.0384061416720785	0.115208401581179	4195	590	0.0462373644439213	85	12963750
20210928 221627	binary	custom	TRUE	TRUE	FALSE	-100	999983	-1	0	0	0	31	139	TRUE	0.0508510259744339	0.382004359933757	7380	893	0.0512731854080316	86	12701250
20210928 221818	binary	custom	TRUE	TRUE	FALSE	-100	999983	-1	0	0	0	31	267	TRUE	0.0281982324733026	0.184020832733554	1871	628	0.0496565882409422	87	13266250
20210928 221912	binary	custom	TRUE	TRUE	FALSE	-100	999983	-1	0	0	0	31	89	TRUE	0.0519619411609601	0.269632847165852	4788	724	0.0436485737355158	88	13276250
20210928 222049	binary	custom	TRUE	TRUE	FALSE	-100	999983	-1	0	0	0	31	281	TRUE	0.0294401453184895	0.131901670258539	2377	538	0.0514425297440204	89	13221250
20210928 222258	binary	custom	TRUE	TRUE	FALSE	-100	999983	-1	0	0	0	31	192	TRUE	0.0204921148659382	0.385637553373864	1373	613	0.0514898656314006	90	13293750
20210928 222414	binary	custom	TRUE	TRUE	FALSE	-100	999983	-1	0	0	0	31	173	TRUE	0.0565862122280803	0.234931204595906	5896	112	0.053373804364698	91	13113750
20210928 222550	binary	custom	TRUE	TRUE	FALSE	-100	999983	-1	0	0	0	31	213	TRUE	0.0318020155210793	0.291562323500263	7323	1013	0.0433650448668317	92	13340000
20210928 222708	binary	custom	TRUE	TRUE	FALSE	-100	999983	-1	0	0	0	31	180	TRUE	0.0295617850234359	0.167968564647692	2569	555	0.0546228334224748	93	12608750
20210928 222920	binary	custom	TRUE	TRUE	FALSE	-100	999983	-1	0	0	0	31	249	TRUE	0.0229945432740543	0.32869001429528	2439	884	0.0547551718566101	94	12840000
20210928 223101	binary	custom	TRUE	TRUE	FALSE	-100	999983	-1	0	0	0	31	201	TRUE	0.0314499954024982	0.354099100452405	6896	677	0.0412927821140294	95	13368750
20210928 223209	binary	custom	TRUE	TRUE	FALSE	-100	999983	-1	0	0	0	31	126	TRUE	0.0516870866470598	0.265856016561785	4411	277	0.0497116528444691	96	13095000
20210928 223318	binary	custom	TRUE	TRUE	FALSE	-100	999983	-1	0	0	0	31	119	TRUE	0.0586135855474044	0.323462868424109	4223	1014	0.0527091003270773	97	1.3e+07
20210928 223440	binary	custom	TRUE	TRUE	FALSE	-100	999983	-1	0	0	0	31	153	TRUE	0.0484636911894847	0.347288326894259	5234	479	0.0512546179570467	98	13312500
20210928 223613	binary	custom	TRUE	TRUE	FALSE	-100	999983	-1	0	0	0	31	180	TRUE	0.0265553195306286	0.239355606454215	2054	541	0.0478398017044947	99	13173750
20210928 223712	binary	custom	TRUE	TRUE	FALSE	-100	999983	-1	0	0	0	31	121	TRUE	0.0471589809254557	0.210373473950918	6253	969	0.040503901048596	100	13336250
20210928 223901	binary	custom	TRUE	TRUE	FALSE	-100	999983	-1	0	0	0	31	218	TRUE	0.0421665552771557	0.346296364472574	3828	204	0.0469180640759226	101	13342500
20210928 224041	binary	custom	TRUE	TRUE	FALSE	-100	999983	-1	0	0	0	31	189	TRUE	0.034159894194752	0.366839624157385	5422	218	0.0475924757132516	102	12801250
20210928 224143	binary	custom	TRUE	TRUE	FALSE	-100	999983	-1	0	0	0	31	100	TRUE	0.0360446098182723	0.253498378619761	3177	902	0.0422103886018845	103	13497500
20210928 224258	binary	custom	TRUE	TRUE	FALSE	-100	999983	-1	0	0	0	31	114	TRUE	0.0588600091529358	0.385501649530279	2957	635	0.0544511524371419	104	13015000
20210928 224456	binary	custom	TRUE	TRUE	FALSE	-100	999983	-1	0	0	0	31	259	TRUE	0.0464550481401756	0.366449082163465	6886	272	0.0535648579956777	105	12678750
20210928 224645	binary	custom	TRUE	TRUE	FALSE	-100	999983	-1	0	0	0	31	193	TRUE	0.0269913976774924	0.337433331350889	2679	949	0.053705447848842	106	13392500
20210928 224838	binary	custom	TRUE	TRUE	FALSE	-100	999983	-1	0	0	0	31	265	TRUE	0.0258890183379035	0.185415837448556	1569	906	0.0473416736666148	107	13613750
20210928 224959	binary	custom	TRUE	TRUE	FALSE	-100	999983	-1	0	0	0	31	264	TRUE	0.0486666739905346	0.110381965078483	3247	779	0.0507886655895587	108	12993750
20210928 225117	binary	custom	TRUE	TRUE	FALSE	-100	999983	-1	0	0	0	31	106	TRUE	0.0445461344178021	0.394774156720168	1955	478	0.0511820153958921	109	13065000
20210928 225212	binary	custom	TRUE	TRUE	FALSE	-100	999983	-1	0	0	0	31	81	TRUE	0.0511679051764775	0.270767238682462	2517	456	0.042321318284882	110	13566250
20210928 225357	binary	custom	TRUE	TRUE	FALSE	-100	999983	-1	0	0	0	31	308	TRUE	0.0220050098720752	0.126742516013049	3015	565	0.0469081271189358	111	13482500
20210928 225538	binary	custom	TRUE	TRUE	FALSE	-100	999983	-1	0	0	0	31	258	TRUE	0.0336671853881143	0.192609191768756	3438	357	0.050756519983639	112	13481250
20210928 225638	binary	custom	TRUE	TRUE	FALSE	-100	999983	-1	0	0	0	31	112	TRUE	0.0484355777962506	0.255719808665663	6066	956	0.0420678605140117	113	13041250
20210928 225823	binary	custom	TRUE	TRUE	FALSE	-100	999983	-1	0	0	0	31	142	TRUE	0.025846552360421	0.392478772837203	1261	645	0.0529523672021728	114	12516250
20210928 225924	binary	custom	TRUE	TRUE	FALSE	-100	999983	-1	0	0	0	31	85	TRUE	0.053187012525443	0.3324725433724	2826	549	0.0530326051276096	115	13515000
20210928 230035	binary	custom	TRUE	TRUE	FALSE	-100	999983	-1	0	0	0	31	161	TRUE	0.0443918304806482	0.170205569973099	2093	984	0.0480201657376636	116	13295000
20210928 230303	binary	custom	TRUE	TRUE	FALSE	-100	999983	-1	0	0	0	31	323	TRUE	0.0213818630058877	0.305213305415213	3821	836	0.0402888238742948	117	13678750
20210928 230418	binary	custom	TRUE	TRUE	FALSE	-100	999983	-1	0	0	0	31	138	TRUE	0.035234930338515	0.32994869996584	7368	697	0.0502457514439931	118	12607500
20210928 230521	binary	custom	TRUE	TRUE	FALSE	-100	999983	-1	0	0	0	31	184	TRUE	0.0488252597510349	0.127071242089453	6206	232	0.0488964398579462	119	13207500
20210928 230745	binary	custom	TRUE	TRUE	FALSE	-100	999983	-1	0	0	0	31	318	TRUE	0.021007126251841	0.311644296615361	4963	762	0.0548215594680083	120	13292500
